# n(z) modes, Fisher-weighted PCA (Bernstein et al. 2025). recommended M = 6 (chi2 threshold 0.15); lambda_G = 5.68 4.671 3.23 2.34 0.4761 0.2125 0.06612 0.02793 0.01511 0.002522 0.001337 0.0009639 0.0008459 0.0001781 0.0001163 7.376e-05 4.451e-05 2.39e-05 2.009e-05 1.023e-05
# columns: bin  z  U_1(z) ... U_M(z)   (rows are bin-major)
0 0.000000 5.3462800221e-02 -2.6283834530e-02 4.1302611405e-03 2.1380245841e-03 -5.6196055640e-02 -3.1347375760e-03 -2.1380169373e-03 -4.1239462970e-02 4.6443936431e-03 8.6574178310e-03 1.3029310281e-02 1.7508956243e-02 -1.1739155255e-02 -2.1809408160e-02 4.6745698090e-03 -4.0581648032e-02 1.3043261362e-03 -2.8459992670e-02 8.7189214543e-03 2.9004657633e-03
0 0.050000 7.4497041024e-02 -3.4299236162e-02 6.5573653435e-03 -1.7164701584e-03 -7.5250480102e-02 -1.9003559175e-03 -4.1082415749e-03 -4.0126032391e-02 2.2599112263e-03 3.7966133853e-03 5.7255839215e-03 1.0197395645e-02 -3.2418559758e-03 -2.5001944161e-03 4.4643791358e-05 1.0235091657e-02 -1.9285083782e-03 2.1809134249e-02 -9.6955748322e-03 -3.5575907715e-03
0 0.100000 9.4066506618e-02 -4.3695217602e-02 9.1464705016e-03 -1.5095989377e-03 -8.4679762817e-02 -1.8527035662e-03 -3.0508851256e-03 -3.2254502098e-02 2.8912364081e-03 2.1730194693e-03 4.5954364409e-03 5.7308894819e-03 -1.9280004100e-03 1.2551671455e-03 -5.1598295363e-04 6.0607817015e-03 -1.5274985298e-04 -3.4931392951e-04 2.2300353301e-03 3.8021479685e-04
0 0.150000 6.9090463770e-02 -3.3085773182e-02 8.2676218097e-03 -2.9039970945e-03 -4.7217496814e-02 6.7516638557e-04 -8.5790036249e-04 4.1985480367e-03 6.6550987409e-04 -5.9205237649e-03 -5.8101026706e-03 -1.0212876368e-02 6.8419223326e-03 1.4388499079e-02 -2.7830345210e-03 2.0854905079e-02 3.7695095329e-04 -5.9247643457e-04 4.5131590970e-03 2.2675121257e-03
0 0.200000 1.3604023242e-01 -6.2775396905e-02 1.5105576954e-02 -7.6734235270e-04 -9.2418098774e-02 8.9466607726e-04 1.5754305667e-04 7.2202594566e-03 9.2654401104e-04 -7.2557594851e-03 -6.6429525720e-03 -1.0257282506e-02 4.4465516618e-03 5.6039252312e-03 -5.3153541081e-04 -7.2249803454e-03 1.9724906201e-03 -1.9032283227e-02 7.6084333962e-03 2.6043893938e-03
0 0.250000 -2.1643800425e-02 5.8064076422e-03 3.1232360254e-03 -4.2985676489e-03 6.7401311346e-02 3.2749726552e-03 4.2591156650e-03 7.2423965327e-02 -4.5238502684e-03 -1.7023536960e-02 -1.9011538462e-02 -2.8770440754e-02 1.4501340617e-02 1.7357533606e-02 -1.9084533376e-03 1.5649262758e-02 9.3551779007e-04 6.9664794327e-03 -9.9472292202e-04 4.3404209295e-03
0 0.300000 1.4414701484e-01 -6.2065929605e-02 1.7724607030e-02 1.6246906692e-03 -6.9131314245e-02 2.2817735724e-03 3.8319891388e-03 5.2419387172e-02 -5.8068440970e-04 -1.0718463898e-02 -9.7587430292e-03 -6.1638522353e-03 -3.8418856386e-03 -1.2389514438e-02 3.4721850303e-03 -4.4220784571e-02 1.1050272336e-03 -2.0557066308e-02 -2.5324948465e-03 -5.4911278791e-03
0 0.350000 -3.3653995247e-02 1.5377981853e-02 1.7006995928e-03 -3.4130706539e-03 9.2401000765e-02 1.6193526218e-03 4.3520460777e-03 7.0898773741e-02 -4.5857534536e-03 -9.0932562723e-03 -6.7391422227e-03 2.6414251282e-04 -4.7642759895e-03 -1.0611918512e-02 1.4780588535e-03 -1.1706667106e-02 -3.2646136084e-03 3.1218088981e-02 -1.8008610676e-02 -7.2656533934e-03
0 0.400000 -1.7491183826e-01 7.2383302024e-02 -9.7324147559e-03 -2.3172685521e-03 1.7744442975e-01 -1.9705988031e-03 2.3650556003e-03 5.6412532294e-03 2.6628607148e-04 1.1015988924e-02 1.2836260533e-02 1.6840018301e-02 -1.1179660520e-02 -9.1374344557e-03 9.9475567785e-04 8.1835512806e-03 -6.9612908589e-04 1.5437795241e-02 -2.4860391394e-03 1.3181871960e-03
0 0.450000 -5.8627410773e-02 2.3960681491e-02 -1.2741517708e-03 7.8302842540e-04 6.4107630719e-02 -2.6949343507e-04 6.6374482061e-04 -7.1490415767e-03 2.0898951268e-03 9.9642594280e-03 9.9274717095e-03 1.4461726086e-02 -8.5171483737e-03 -4.2554011495e-03 -3.6322407750e-04 3.0166968297e-03 2.9803607276e-05 -7.9556425497e-03 4.6627012120e-03 -2.0116491796e-03
0 0.500000 -2.3043912470e-02 1.0526883654e-02 -9.7263405450e-04 4.5354382173e-04 3.1712493336e-02 5.1282085206e-04 1.6595033070e-04 -3.5263114448e-03 -2.4330700466e-04 5.4307452613e-03 5.6185636177e-03 1.0765460456e-02 -6.1926749954e-03 -8.3176374680e-04 -1.9667704906e-03 9.0500644290e-03 -7.8016244535e-04 -3.1408306359e-03 3.8864043043e-03 -2.8041604554e-03
0 0.550000 -4.2955772315e-02 1.7583837375e-02 -3.5512177112e-03 5.1978133792e-04 3.6837874770e-02 -4.7713654952e-04 -8.2911419899e-04 -2.5008130817e-02 -3.6480188929e-04 8.1295922237e-03 7.8664093752e-03 1.0523927492e-02 -4.8319567328e-03 2.8824460745e-04 -1.6642379620e-03 1.3679405382e-02 3.0593689505e-04 -3.6161563030e-03 6.1145798033e-03 1.6773792195e-03
0 0.600000 -3.4992006302e-02 1.3289412087e-02 -2.7644394208e-03 8.1974878587e-04 2.5025779828e-02 -3.0043706406e-04 -1.1234721523e-03 -2.9027670430e-02 -1.3717287992e-04 7.4157511841e-03 5.9394211190e-03 6.3637139577e-03 -1.7703614817e-03 1.6083253800e-03 -8.3964045783e-04 1.0759692692e-02 1.0576627790e-03 -5.8345119110e-03 5.9224037497e-03 3.6331094893e-03
0 0.650000 -2.0594949678e-02 7.5955774891e-03 -1.4926883002e-03 6.2386095526e-04 1.3589168944e-02 8.3873193933e-05 -8.3528346068e-04 -2.1415254920e-02 -3.3048353353e-04 4.7645533432e-03 2.5493730400e-03 1.8878581730e-03 4.8685780777e-04 2.1626408364e-03 -4.3325487129e-04 6.5945353074e-03 1.1488463286e-03 -5.2821017150e-03 4.3235075006e-03 3.7610431302e-03
0 0.700000 -1.8786697430e-02 6.8016336546e-03 -1.2892799179e-03 2.4591370933e-04 1.0029478690e-02 -5.5429673734e-04 -8.6731417887e-04 -2.3585952029e-02 -1.6716628928e-05 4.6632339954e-03 2.4338113083e-03 1.0881221929e-03 8.4728613580e-04 6.1832576641e-04 1.6067489662e-04 3.2671223641e-03 1.2286127402e-03 -2.4414629133e-03 2.4750537628e-03 4.2843369789e-03
0 0.750000 -1.3259147181e-02 4.5875255946e-03 -7.3985152075e-04 2.9450252092e-04 6.0266179253e-03 -5.4548500152e-04 -6.5058917416e-04 -1.9962966770e-02 2.9175219677e-04 3.8720606079e-03 1.6164813691e-03 -3.7117040594e-04 1.6550679725e-03 -8.2002637294e-05 3.0278629091e-04 2.3349097656e-04 1.0508400975e-03 -7.7002402150e-04 9.3104627483e-04 3.6035479137e-03
0 0.800000 -4.8440483735e-03 1.7512550587e-03 -1.7716631032e-04 3.8123344478e-04 2.4523053131e-03 -3.4899579653e-05 -1.1627523741e-04 -9.0724470912e-03 1.4431648404e-05 1.6467175191e-03 -7.8141482364e-04 -3.3814661688e-03 3.0462572280e-03 6.3680056230e-04 5.7504307411e-05 -1.6489845227e-03 7.3563573279e-04 -5.7932982355e-04 1.6768965475e-04 2.3397963263e-03
0 0.850000 -2.9893570364e-03 1.2852387863e-03 -2.8523845078e-04 2.5188051818e-04 1.2486406808e-03 -2.4105868605e-04 5.6209084556e-05 -6.9684106271e-03 -7.4315024953e-05 9.8709417307e-04 -1.2792205842e-03 -4.2181438514e-03 3.5552491666e-03 4.0517976702e-04 1.7687782120e-04 -2.6303966072e-03 5.3904065618e-04 4.2574968079e-04 -5.4201840578e-04 1.8487504378e-03
0 0.900000 -3.0346669186e-03 1.3119755221e-03 -4.0607822063e-04 3.1200025953e-04 6.3442935249e-04 -3.9523421971e-04 -5.5266380812e-05 -7.8901619709e-03 -2.5043416082e-05 1.0673394790e-03 -1.1422509875e-03 -4.1984744415e-03 3.8213324292e-03 6.8375157625e-05 3.2719401464e-04 -3.3805357212e-03 2.5440558106e-04 1.3494716692e-03 -1.1940111471e-03 1.4150362266e-03
0 0.950000 -2.2698281416e-03 1.2031315649e-03 -3.3991865084e-04 4.2292308392e-04 1.0658602647e-04 -3.4234207498e-04 -1.0628595998e-04 -6.7089975391e-03 -1.4536789247e-04 7.7951979561e-04 -1.6263182912e-03 -4.5855370204e-03 4.0497343751e-03 1.7893920474e-04 3.4579595852e-04 -3.9041004928e-03 -7.4288723898e-05 1.6990514688e-03 -1.5877875308e-03 8.0450624814e-04
0 1.000000 -1.3901865328e-03 1.1592722215e-03 -2.0208571770e-04 4.7525365943e-04 -2.1566543508e-04 -2.4672640732e-04 -1.1143695236e-04 -4.6522525421e-03 -3.5619652797e-04 3.1907120916e-04 -2.3418882422e-03 -5.1231285012e-03 4.1205646421e-03 4.7474064180e-04 2.8814005232e-04 -4.1114195023e-03 -3.5537337560e-04 1.6943467296e-03 -1.7356387843e-03 1.5410960517e-04
0 1.050000 -6.9917889913e-04 1.0999988272e-03 -8.2135629066e-05 4.8579286784e-04 -3.2042605114e-04 -1.0037270514e-04 -1.3026503754e-04 -2.3082589286e-03 -5.9147664279e-04 -1.3075731816e-04 -2.9285596142e-03 -5.6104286167e-03 4.0766220586e-03 8.9584318795e-04 1.7459940126e-04 -3.9540574716e-03 -5.3757809569e-04 1.3822539131e-03 -1.6626049025e-03 -4.9326356064e-04
0 1.100000 -4.1576130268e-04 1.0128482541e-03 -4.8573856969e-05 4.3852361119e-04 -3.7791968902e-04 2.4266596744e-05 -1.6190629313e-04 -5.0308833092e-04 -8.0436885264e-04 -4.1320517927e-04 -3.1201451800e-03 -5.7440889485e-03 3.8905733125e-03 1.3066829681e-03 7.4470259311e-05 -3.4328678004e-03 -6.0832958757e-04 1.0063810858e-03 -1.5200316785e-03 -1.0568050633e-03
0 1.150000 -6.4621441040e-04 9.3998349097e-04 -1.3825875483e-04 3.5152218563e-04 -5.2843660265e-04 4.7948577216e-05 -2.0738256517e-04 -4.9074331527e-05 -9.2049895681e-04 -4.1173027632e-04 -2.8593554120e-03 -5.3214169885e-03 3.6089502260e-03 1.5067781344e-03 2.6577719355e-05 -2.8157580750e-03 -6.1219314665e-04 7.5163164907e-04 -1.4477317542e-03 -1.4777329451e-03
0 1.200000 -8.7955598179e-04 8.6121692350e-04 -2.6678291184e-04 3.1017766993e-04 -6.9403501495e-04 8.4867582811e-05 -1.9824826576e-04 3.4987337589e-04 -9.9130686040e-04 -3.8187475734e-04 -2.6045872938e-03 -4.7453281330e-03 3.3566540718e-03 1.6885918278e-03 3.3631887559e-05 -2.2763931517e-03 -5.9502315354e-04 5.1907578721e-04 -1.4326019026e-03 -1.8152840287e-03
0 1.250000 -1.1879183017e-03 8.5044899465e-04 -4.2619990918e-04 2.4981435803e-04 -1.0111948691e-03 7.7263930604e-06 -1.7441488359e-04 -1.3924251289e-04 -9.6149445240e-04 -2.6319463643e-04 -2.2229938046e-03 -3.8818377150e-03 3.0239914652e-03 1.6214760006e-03 1.1696207734e-04 -1.9124285148e-03 -5.7264666197e-04 5.2250658396e-04 -1.4856132595e-03 -1.9990995187e-03
0 1.300000 -1.3977519490e-03 8.2877741232e-04 -5.5710354966e-04 2.1518749765e-04 -1.2825032505e-03 -4.6390122372e-05 -1.5846338425e-04 -6.3017497599e-04 -8.5613816761e-04 -1.7358573020e-04 -1.8417025753e-03 -3.0296220204e-03 2.6409882989e-03 1.4860007459e-03 2.0729763688e-04 -1.7975651804e-03 -5.2702733814e-04 4.5831078747e-04 -1.4844166110e-03 -2.0602700920e-03
0 1.350000 -1.4180454471e-03 7.6801473282e-04 -6.3644910185e-04 1.6306100308e-04 -1.2843919982e-03 1.1933063643e-05 -1.3641484973e-04 -8.7774493150e-05 -7.1934456837e-04 -3.2169649260e-04 -1.6724524315e-03 -2.5855544882e-03 2.3445338224e-03 1.4610970962e-03 2.1767702644e-04 -1.8022457597e-03 -5.4355939895e-04 1.0236344995e-04 -1.3752889868e-03 -2.0791923575e-03
0 1.400000 -1.2229222057e-03 7.6182062900e-04 -6.1574101130e-04 1.4751716561e-04 -1.1725280652e-03 2.9178358607e-04 -3.6151572306e-06 2.1585904216e-03 -6.3451290028e-04 -8.2155658290e-04 -1.8997207198e-03 -2.7619554716e-03 2.1074259416e-03 1.9413857440e-03 2.2009403645e-04 -1.4408374507e-03 -5.8767393127e-04 -2.8502141885e-04 -1.3399384961e-03 -2.1884278539e-03
0 1.450000 -1.6451108813e-03 8.8784437278e-04 -7.2652302309e-04 -4.1970737760e-05 -1.9006472061e-03 2.1997603507e-04 -2.8885687199e-05 1.1848731868e-03 -4.2664632415e-04 -8.4612452812e-04 -1.5080038130e-03 -2.3980315947e-03 1.7259944148e-03 1.8980850951e-03 3.3781669485e-04 -9.3394581456e-04 -6.9330096147e-04 1.0228797049e-04 -1.6982015564e-03 -2.2278448950e-03
0 1.500000 -2.3454164052e-03 1.0387211275e-03 -9.1324122580e-04 -1.4971749178e-04 -3.0066294417e-03 3.4363829036e-05 -2.3224999182e-04 -1.8728575779e-03 -1.1037313226e-04 -4.3877973169e-04 -7.0489783212e-04 -1.5698301153e-03 1.2733098745e-03 1.4431163307e-03 5.2213381485e-04 -8.3206889487e-04 -7.2880930306e-04 5.8406926582e-04 -2.1899260924e-03 -2.2382498708e-03
0 1.550000 -2.8984948436e-03 1.1132196020e-03 -1.1077480817e-03 -2.2951141889e-04 -3.7235931148e-03 -2.2300843968e-04 -5.0166239830e-04 -4.7323892143e-03 2.0798088501e-04 -5.3294388043e-05 2.7435610296e-05 -8.1616490586e-04 9.3852142693e-04 6.4089041971e-04 6.1822583409e-04 -1.0943645182e-03 -7.7691825434e-04 7.8340107749e-04 -2.4163543058e-03 -2.2115947667e-03
0 1.600000 -2.6942578134e-03 1.1614200374e-03 -1.0990431672e-03 -1.2817968226e-04 -3.4003932607e-03 -1.2858372937e-04 -6.0072354659e-04 -3.7686293389e-03 3.7962702854e-04 -2.9097122335e-04 -7.4203598652e-05 -8.3795804704e-04 7.8670012898e-04 4.1277402919e-04 5.6058786340e-04 -1.2010569154e-03 -7.6348715852e-04 4.0194572032e-04 -2.1913140564e-03 -2.2844815874e-03
0 1.650000 -2.1717001726e-03 1.2467574604e-03 -1.0209325229e-03 -1.1777351106e-04 -2.8464559672e-03 -5.4448688516e-05 -5.7877874457e-04 -1.4211491368e-03 4.5179390555e-04 -7.7429972364e-04 -4.2589743557e-04 -1.1921859430e-03 6.8505242748e-04 4.5122414344e-04 3.6772877025e-04 -7.4969842706e-04 -8.0635909184e-04 3.3275603587e-04 -1.8083957774e-03 -2.3104957459e-03
0 1.700000 -1.7354808680e-03 1.3377460847e-03 -9.7357858587e-04 -7.1097775680e-05 -2.6185642073e-03 -1.4077183907e-05 -5.7693951946e-04 2.6928877047e-04 4.8785875910e-04 -9.7782018921e-04 -6.6624039955e-04 -1.3762076768e-03 5.4534261692e-04 4.9500912768e-04 8.6144103285e-05 -3.8681697897e-04 -7.9389515115e-04 2.7761036690e-04 -1.3976213915e-03 -2.2674625417e-03
0 1.750000 -1.4854904149e-03 1.3754525901e-03 -9.9277240488e-04 6.7599869264e-05 -2.7486673367e-03 6.1937251040e-05 -5.1511443872e-04 1.2675762664e-03 5.2526163479e-04 -9.3221428126e-04 -7.0973604966e-04 -1.3720127024e-03 4.1073698883e-04 5.4624210234e-04 -2.0481754941e-04 -1.5593130394e-04 -7.6979528203e-04 2.3145443191e-04 -1.0289578474e-03 -2.1511448055e-03
0 1.800000 -1.4097326674e-03 1.3704407550e-03 -1.0608166540e-03 2.0864246525e-04 -3.2451495377e-03 1.2235094851e-04 -3.7890805712e-04 1.3578694120e-03 5.6980372411e-04 -7.2447415031e-04 -5.1435091809e-04 -1.0815330921e-03 2.8211247194e-04 5.2819639092e-04 -4.2686833497e-04 -1.0771632464e-05 -7.1271565636e-04 2.3972713843e-04 -7.5685309189e-04 -1.9528706704e-03
0 1.850000 -1.5468470234e-03 1.3378350380e-03 -1.1646441612e-03 2.6949076958e-04 -3.8107709141e-03 1.3575398153e-04 -2.0962954583e-04 7.4695996653e-04 5.8100546258e-04 -4.5560529710e-04 -2.0001436607e-04 -6.3156070725e-04 1.8569893196e-04 3.4587240719e-04 -5.4193281341e-04 -1.1111838360e-04 -5.9760859343e-04 1.4823513096e-04 -5.2537566829e-04 -1.7088388859e-03
0 1.900000 -1.7072300474e-03 1.3271556748e-03 -1.1579531538e-03 2.6075149574e-04 -4.0156029054e-03 1.8233260428e-04 -1.2654523070e-05 5.0059652258e-04 5.1739596736e-04 -3.5428655916e-04 -3.2261533450e-05 -2.2490877900e-04 1.0356768761e-04 2.3943027891e-04 -5.4616599971e-04 -2.1034558884e-04 -4.3291921093e-04 -6.3327651386e-05 -2.9254702526e-04 -1.4845281373e-03
0 1.950000 -1.8541029547e-03 1.3518079070e-03 -1.0381863521e-03 1.2313700631e-04 -3.8303987814e-03 1.5685568926e-04 1.1036818743e-04 5.1289228464e-04 3.6387022479e-04 -3.5689548408e-04 3.9058231653e-05 5.2804886610e-05 6.8584187406e-05 1.3849239519e-04 -5.1177516180e-04 -1.3745232762e-04 -2.7583205632e-04 -1.3467999290e-04 -1.2008565893e-04 -1.2244162011e-03
0 2.000000 -1.9030290390e-03 1.4258714773e-03 -8.3125081135e-04 -1.3959206491e-06 -3.4613746623e-03 1.0911218839e-04 1.5639987409e-04 6.8661416077e-04 1.8555747774e-04 -4.0111086030e-04 3.3903236767e-05 2.8876670375e-04 4.9934801200e-05 7.4202016352e-05 -4.5353943802e-04 3.6618929673e-05 -7.2246163753e-05 -1.6674921089e-04 -2.0223199399e-06 -9.4627084004e-04
0 2.050000 -1.8447472702e-03 1.5695705910e-03 -6.0005519986e-04 -8.0675322627e-05 -3.1301343131e-03 3.5499346619e-05 9.8734836879e-05 8.1917957308e-04 6.5794028951e-05 -4.5451483094e-04 1.3542851433e-04 5.3072402394e-04 5.4756841847e-05 2.5284251647e-05 -4.2613527046e-04 2.9267115220e-04 9.2542169822e-05 -1.1234328988e-04 6.2406936965e-05 -6.5264773836e-04
0 2.100000 -1.7506538570e-03 1.7540461234e-03 -4.5902967353e-04 -7.3437919400e-05 -2.9140874860e-03 -1.8209691104e-05 1.0974598895e-05 9.4735463579e-04 2.3307019659e-05 -5.2509317487e-04 2.9767235502e-04 7.3175946323e-04 5.7783365015e-05 -1.9500479270e-05 -4.1087329574e-04 4.0078078782e-04 2.4709319636e-04 -1.1320000346e-04 1.0429702351e-04 -4.0983130663e-04
0 2.150000 -1.5925579849e-03 1.9019744374e-03 -4.1061154311e-04 1.9791180344e-05 -2.7678391574e-03 1.1179215145e-05 -1.8835638537e-06 1.3254700765e-03 8.2813969900e-05 -6.9346789912e-04 4.3033404759e-04 8.9563221312e-04 -1.8962993228e-05 5.1395767621e-05 -3.3686457684e-04 4.7246963561e-04 3.6990827116e-04 -1.0487628329e-04 1.1342361394e-04 -2.4765233218e-04
0 2.200000 -1.4561686589e-03 1.9268129463e-03 -4.3439459052e-04 6.3052814896e-05 -2.7887239673e-03 -4.0611345928e-05 -2.2375809976e-05 1.3925423628e-03 2.4871438770e-04 -8.2079215243e-04 6.0552121579e-04 1.0939683134e-03 -1.8962298571e-04 5.5321183269e-05 -2.2963399442e-04 6.3069291211e-04 3.6942704937e-04 6.4879809233e-05 8.0747824420e-05 -2.9482364560e-05
0 2.250000 -1.5274223210e-03 1.7565600279e-03 -6.1032800478e-04 1.1708096132e-04 -2.9450771807e-03 -1.5090956030e-04 -5.7557745939e-05 1.0626203624e-03 4.1213749232e-04 -7.5677453271e-04 6.9349010162e-04 1.2753781519e-03 -4.6515707361e-04 -1.7443370798e-04 -7.4742569751e-05 4.4604129544e-04 3.2766839325e-04 8.2050798045e-05 6.3434516994e-05 2.7353996357e-04
0 2.300000 -1.7015141139e-03 1.5537196028e-03 -7.6388941982e-04 2.9860342767e-04 -3.1692596096e-03 -1.5367982686e-04 -6.4432533863e-05 1.2624449090e-03 5.3595561390e-04 -6.9383779366e-04 5.7429407396e-04 1.4050750095e-03 -8.7279898949e-04 -3.6159063037e-04 1.7934722920e-04 3.0103556085e-04 2.4715719467e-04 -1.5648252208e-04 1.3779554890e-04 5.8436144668e-04
0 2.350000 -1.9517296988e-03 1.4581354755e-03 -9.3622437429e-04 4.3122931245e-04 -3.4173498324e-03 -1.6553734953e-04 -1.0371701981e-04 1.7902007150e-03 5.2643724869e-04 -6.1240954224e-04 5.0573465018e-04 1.4028417647e-03 -1.1785777992e-03 -5.5960069826e-04 4.0951627058e-04 3.6503096920e-04 1.0026610953e-04 -2.5339126839e-04 2.0257793794e-04 9.2221766247e-04
0 2.400000 -2.1856504947e-03 1.5197402025e-03 -1.1070127883e-03 5.7471006912e-04 -3.7557039581e-03 -1.2361018311e-04 -1.3119115599e-04 2.2632358009e-03 4.3593849368e-04 -4.9226726570e-04 4.5981666952e-04 1.4748765685e-03 -1.4783170069e-03 -7.8750893594e-04 6.1924618264e-04 4.6434942889e-04 -2.4607426531e-05 -3.6351619679e-04 3.2343907427e-04 1.1986461445e-03
0 2.450000 -2.3840509370e-03 1.8015285231e-03 -1.2724745360e-03 6.7104701732e-04 -4.0225464966e-03 -3.4360770721e-05 -1.8252426893e-04 2.8302367138e-03 2.8619366567e-04 -3.7596703106e-04 4.7628087955e-04 1.5382623132e-03 -1.6609281089e-03 -1.0155273970e-03 7.0881293481e-04 5.4431275447e-04 -1.0008317438e-04 -5.2991285697e-04 4.8509595551e-04 1.4168310124e-03
0 2.500000 -2.6489999177e-03 2.1882905621e-03 -1.4632261878e-03 7.4283439819e-04 -4.1286102904e-03 1.5242648334e-04 -1.9123947534e-04 3.6602067007e-03 1.8178598122e-04 -3.5256836385e-04 4.3835415658e-04 1.5491669809e-03 -1.7556125959e-03 -1.1583479115e-03 6.6870193179e-04 5.8702717712e-04 -1.2370792825e-04 -7.1459509973e-04 6.8757493740e-04 1.5617172291e-03
0 2.550000 -2.9501829249e-03 2.5875734398e-03 -1.6024797950e-03 7.5206389496e-04 -4.2211780601e-03 3.5508369812e-04 -1.4080784806e-04 4.6736961542e-03 1.4228107259e-04 -4.7115098713e-04 3.5262097884e-04 1.5770909663e-03 -1.8197563081e-03 -1.1407508122e-03 5.4694401328e-04 8.5721500771e-04 -8.7420848030e-05 -7.6585047390e-04 9.3186196555e-04 1.6266560427e-03
0 2.600000 -3.2981201438e-03 2.8112634093e-03 -1.7386890973e-03 6.7127553630e-04 -4.4142083876e-03 3.8201638396e-04 -6.0702691406e-05 5.1166681792e-03 1.2695633079e-04 -5.6324166335e-04 3.9252634418e-04 1.6881229443e-03 -1.8468396692e-03 -1.1381570349e-03 3.5889063673e-04 1.1667336311e-03 -2.2991159768e-06 -5.5088083391e-04 1.1789956960e-03 1.6672996641e-03
0 2.650000 -3.6145115280e-03 2.7878244400e-03 -1.8351092413e-03 5.9435893809e-04 -4.7979582716e-03 2.6291366680e-04 8.8694889616e-05 4.7341054159e-03 1.2687317604e-04 -5.3846156970e-04 5.2632155818e-04 1.9916703514e-03 -1.9899231312e-03 -1.2207039258e-03 2.0606180349e-04 1.2936186741e-03 1.6832286403e-04 -3.0291340032e-04 1.4691776830e-03 1.6721146970e-03
0 2.700000 -3.7733827148e-03 2.5681773279e-03 -2.0994483093e-03 5.2058292274e-04 -5.2083446624e-03 -7.5063248051e-05 4.4768728293e-04 4.3970188365e-03 -4.8799367354e-06 -4.8462407423e-04 6.0596533718e-04 2.0793148433e-03 -2.0410167702e-03 -1.4274505517e-03 1.3280153219e-04 1.0702715019e-03 3.9562328362e-04 -3.9420550393e-04 1.5594534316e-03 1.8502260214e-03
0 2.750000 -3.7189444999e-03 2.3164791483e-03 -1.6961754996e-03 4.5810604485e-04 -5.3723365283e-03 -1.6332137901e-04 3.1669283410e-04 2.6160254064e-03 9.0049035509e-05 -2.9488639145e-04 9.9238880391e-04 2.5275373971e-03 -2.2450865416e-03 -1.3626918276e-03 -1.8499411360e-05 1.2361168239e-03 3.5356393684e-04 7.4142815875e-05 1.8001478810e-03 1.6412866974e-03
0 2.800000 -3.8354142198e-03 1.6886084980e-03 -1.4114601977e-03 6.3976025006e-04 -4.8708685321e-03 -2.6948526125e-04 1.1153090000e-04 2.3589743750e-03 2.5201159980e-04 -2.6783975955e-04 1.0098875991e-03 2.5439500339e-03 -1.9839340411e-03 -1.1029318201e-03 -1.7907289366e-04 6.9929332726e-04 4.5227436996e-04 -3.2295821127e-04 1.8838811333e-03 2.0912511924e-03
0 2.850000 -4.1289893764e-03 2.5823792267e-03 -1.1382831344e-03 5.6316659881e-04 -5.3444638816e-03 3.6789080442e-04 1.8968407150e-04 3.9606183298e-03 -1.5741230677e-04 -2.5753737584e-04 3.7126559363e-04 2.5281486370e-03 -1.8677516099e-03 -9.5364245777e-04 -1.6535953551e-04 6.4429756000e-04 1.1019959387e-03 -7.0864154774e-04 1.8545075318e-03 1.7587041581e-03
0 2.900000 -5.0473493323e-03 3.3869395676e-03 -2.6987428228e-03 3.6940303713e-04 -6.3110870010e-03 9.1585545524e-04 1.7088607265e-03 4.1053386607e-03 -5.9982065938e-04 -8.7335005122e-04 1.4288119815e-04 3.5832567657e-03 -3.1080034332e-03 -6.2711162326e-04 -1.7373825510e-04 9.7649808070e-04 2.0752137418e-03 3.6788098038e-04 8.3499043360e-04 1.8708863605e-03
0 2.950000 -5.8528280947e-03 4.3350274535e-03 -2.0424152334e-03 -3.8244204428e-04 -1.0930647293e-02 -3.0019166830e-04 9.6908003406e-05 4.1352792675e-03 -5.9238489884e-04 -1.5981591281e-03 3.1867098592e-03 3.9164564502e-03 -3.2007114303e-03 1.4265570730e-04 -1.4601725649e-03 3.6547658758e-03 1.3222866757e-03 4.1339693796e-04 2.9524804276e-03 2.4473500862e-03
0 3.000000 -2.0951639552e-03 -3.0535538277e-04 -2.5711170162e-03 -1.7062812610e-03 -4.4335873190e-03 -1.1134015108e-03 7.1114449924e-04 -3.6160704612e-03 4.3836803698e-04 6.1538488829e-04 2.3946725449e-03 1.8209219888e-03 5.4079700305e-04 -1.3597221776e-03 -4.2769102351e-04 1.2999510635e-03 1.1631697660e-03 1.9565253685e-03 2.0640326019e-03 3.6481702122e-04
1 0.000000 7.9962805909e-03 1.0558276992e-02 3.3845794204e-04 -2.9623976014e-04 6.8847890137e-04 1.1836408362e-02 -3.8138135172e-03 9.1994768115e-04 -1.0063372409e-02 2.0999640515e-03 3.8257398039e-03 4.5099718764e-04 4.0756169812e-03 -1.0404675679e-03 8.7927550395e-04 -4.3986417694e-05 7.0491445787e-04 -8.8047525856e-04 1.2225057964e-04 -2.4808876541e-03
1 0.050000 3.0897193573e-03 4.3156790724e-03 -4.0233299709e-04 -9.3397214355e-04 2.7547007635e-05 3.6085954386e-03 -1.2015036677e-03 5.4792776806e-04 -4.1014975051e-03 1.2814716893e-03 1.0761718763e-03 -5.3118045040e-05 3.3079977647e-03 -5.2552968021e-03 8.6708128529e-04 2.4519491625e-03 -2.7002250733e-03 1.0842858452e-04 2.1472198110e-04 5.3731111995e-03
1 0.100000 5.3381566740e-03 7.1903885296e-03 2.3552711545e-04 -4.3175638543e-04 2.4687549865e-04 5.4819162942e-03 -1.8761547391e-03 7.0867869381e-04 -5.7111946007e-03 1.4909489315e-03 1.9487945531e-03 -5.7173534366e-04 3.9169396717e-03 -5.1051743568e-03 1.5889204363e-03 2.1802450650e-03 -1.5432980870e-03 -2.7410050380e-04 1.4998165170e-04 -2.2759805882e-04
1 0.150000 1.8090421016e-02 2.3409963255e-02 -4.8758280422e-04 -1.4154173319e-03 5.2215663651e-04 2.0874435928e-02 -6.1591817462e-03 1.0709997513e-03 -1.4786122680e-02 3.0643430125e-03 5.0886977467e-03 5.2069315264e-04 6.4671042479e-03 -3.5213698902e-03 1.5968983154e-03 1.3788523312e-03 -3.1989640150e-04 -6.9955698541e-04 4.5999969377e-04 -3.1955176328e-03
1 0.200000 2.4183032605e-02 3.1489070048e-02 -1.2464477386e-03 -2.0579901289e-03 6.6502784525e-04 2.5345310844e-02 -6.7854411414e-03 8.9571395753e-04 -1.4335775144e-02 2.5500175515e-03 5.0029637814e-03 1.1835290466e-03 5.3178524199e-03 -1.1399153811e-03 4.1328068232e-04 7.3430045060e-04 9.1856746966e-05 -7.3858073791e-04 6.1739399857e-04 -3.4876154734e-03
1 0.250000 2.0226684751e-02 2.7559815437e-02 -1.2014698045e-03 -1.9505789074e-03 6.4105864291e-04 1.6876830619e-02 -3.7793830945e-03 3.1722180215e-04 -5.7467604276e-03 5.3362603268e-04 2.5061204697e-03 1.1972722347e-03 3.3340645544e-04 2.4287277868e-03 -1.0895528798e-03 -4.8547983024e-04 7.8178202933e-04 -6.0099291034e-04 4.7072535509e-04 -2.8089567927e-03
1 0.300000 8.7565857530e-02 1.1067495208e-01 -5.7947779179e-03 -4.5808571022e-03 9.9767101263e-04 8.3442691624e-02 -1.7759502547e-02 -1.3794079393e-03 -2.0848077124e-02 -2.3420666797e-03 7.0921118948e-03 4.1199305362e-03 -2.1619067475e-03 1.7438240208e-02 -2.5943972813e-03 -7.4887156768e-03 8.3986848011e-03 -5.6381161047e-04 -2.1735742717e-04 -1.3856067924e-02
1 0.350000 8.5995982806e-02 1.0992198567e-01 -7.1560456154e-03 -4.5915136887e-03 6.3708754152e-04 6.2495003576e-02 -7.0663940788e-03 -3.8719581377e-03 1.0976527513e-02 -1.0247649753e-02 -3.2518016228e-03 2.8193031238e-03 -1.6022359316e-02 1.9535350326e-02 -6.3645993979e-03 -8.2353218706e-03 5.1797167115e-03 1.5839117364e-03 -8.6842957565e-04 5.7365911495e-03
1 0.400000 9.9845955422e-03 1.7317547213e-02 -2.4650946903e-04 -7.6457625993e-04 1.5836220779e-03 -2.5764309113e-02 1.4089655030e-02 -4.2817833276e-03 4.3389872219e-02 -1.1309899413e-02 -1.2968627777e-02 -8.2628361228e-04 -2.1970987165e-02 9.6061658116e-03 -5.1392493223e-03 -3.7811442319e-03 3.4916621980e-04 2.8100596446e-03 -1.7779578070e-03 2.0748901850e-02
1 0.450000 7.7822678687e-02 9.5144700412e-02 -7.4305664637e-03 -7.4073272330e-04 -1.1201439611e-03 2.2525406134e-02 7.1556711181e-03 -7.1669524396e-03 5.4943354737e-02 -2.2685026583e-02 -2.2521156835e-02 -6.3420083081e-03 -2.4256892320e-02 2.8921422381e-03 -3.9588684755e-04 -1.7983294894e-03 -1.8322806866e-03 5.8076971391e-03 -3.5730191503e-03 1.3313559580e-02
1 0.500000 4.0806752536e-02 4.8614192733e-02 -5.7126020044e-03 1.9868938338e-03 -2.1602454112e-03 -2.5627578716e-02 1.8344800749e-02 -5.3870965399e-03 7.2457401628e-02 -2.2080196168e-02 -2.9507478859e-02 -1.2801481678e-02 -2.0551867018e-02 -1.9699397347e-02 5.0603437516e-03 5.7178187735e-03 -1.1195488677e-02 5.8573273122e-03 -1.1469442345e-03 1.4996914483e-02
1 0.550000 -6.6042360469e-02 -7.9342522638e-02 6.3996573872e-03 3.9337231269e-03 5.9156285013e-04 -1.0032536961e-01 2.1671067774e-02 2.2170718573e-03 3.0449196054e-02 2.7673703677e-03 -1.2161365092e-02 -8.4750027111e-03 3.2309420856e-03 -2.7873814120e-02 8.2301567309e-03 1.0636119421e-02 -9.4403198432e-03 -1.8784521439e-03 2.1154371015e-03 -2.5894690647e-03
1 0.600000 -5.0003435564e-02 -6.2598647850e-02 4.1073848089e-03 2.6939065582e-03 -2.0845913111e-03 -7.2677735512e-02 1.1844096914e-02 2.9773372264e-03 7.2879240170e-03 6.6000775554e-03 -5.5701308137e-03 -4.5475553486e-03 8.4903504271e-03 -1.9030214227e-02 5.9536146006e-03 8.8003288132e-03 -5.6344718059e-03 -4.5889601165e-03 1.1068672661e-03 -1.5439901566e-02
1 0.650000 -4.0539179581e-03 -1.0711439780e-02 -2.7212347779e-03 2.6428079872e-03 -6.5800563097e-03 -3.8712914893e-02 9.6655067129e-03 3.3731464176e-04 2.1438606374e-02 -2.7832204137e-03 -1.2143573011e-02 -6.5384066898e-03 -8.1584745230e-04 -1.5070758835e-02 3.4547942714e-03 6.6168879817e-03 -7.9684486240e-03 -2.6135880349e-03 -6.6304159616e-05 -1.7625371902e-02
1 0.700000 -1.2109760917e-01 -1.4000687844e-01 1.6493579286e-02 -8.7136232359e-04 3.9063004496e-03 -7.2885189952e-02 -6.9428289802e-03 1.2509486168e-02 -9.4273169652e-02 4.4856728261e-02 3.7530903427e-02 1.3900557772e-02 3.8836335611e-02 4.2618218831e-03 1.3552724156e-03 6.3012095658e-04 8.7459442384e-03 -1.3447336053e-02 3.3982672123e-03 -2.5240710789e-02
1 0.750000 -6.3314132123e-02 -7.1268546306e-02 9.4110867908e-03 -1.3901234599e-03 2.7534812069e-03 -2.7902986641e-02 -8.2393624621e-03 6.1553726374e-03 -6.5905795419e-02 2.6455825324e-02 2.5770977474e-02 1.2106630992e-02 2.3243616869e-02 1.3867802370e-02 -3.2913003466e-03 -2.3033691299e-03 9.5975611229e-03 -7.1214213441e-03 -1.7418493038e-04 -7.7189821230e-03
1 0.800000 -1.6627730085e-02 -1.8111447630e-02 2.6300639016e-03 -4.0913202772e-04 5.2181314723e-04 -7.1446128107e-03 -2.3742114529e-03 1.5632734185e-03 -2.0364309033e-02 8.0835698430e-03 7.8245334340e-03 3.9755434962e-03 6.0717776268e-03 7.3785326874e-03 -2.5546804468e-03 -2.0748285209e-03 3.5997051153e-03 -1.4272522842e-03 -3.0479606081e-04 -5.0305078394e-04
1 0.850000 -5.4863631527e-03 -5.8147406320e-03 9.5625978527e-04 -2.8791124577e-05 1.7760262025e-04 -2.9445545160e-03 -6.3166348099e-04 7.3379933995e-04 -7.6707490154e-03 3.5844359377e-03 2.7331568932e-03 1.4570907053e-03 1.6500910325e-03 4.7516843167e-03 -1.8840023577e-03 -1.9021483650e-03 1.7268064815e-03 3.8790156128e-04 1.0012992545e-04 1.2743942220e-03
1 0.900000 -4.5868445348e-03 -4.9130901988e-03 9.1367045431e-04 -4.3966708384e-05 5.0200066617e-04 -1.6324025056e-03 -9.5141313290e-04 8.3249594241e-04 -7.4506757552e-03 3.4513502373e-03 2.6202957322e-03 1.4695552230e-03 1.5421542996e-03 4.6565441921e-03 -1.6692112618e-03 -2.0707271773e-03 1.7461609131e-03 8.6550147181e-04 3.2833686602e-04 2.2561759071e-03
1 0.950000 -3.0709270111e-03 -3.4249464125e-03 7.3413769289e-04 9.0744948771e-06 5.4748743287e-04 -8.0374521558e-04 -8.7586839862e-04 6.2355041901e-04 -5.7247908325e-03 2.5655537641e-03 2.0405637880e-03 1.2881832127e-03 9.0296845016e-04 4.3613684293e-03 -1.5449509353e-03 -2.1232087181e-03 1.5049243774e-03 1.3362854537e-03 3.3459644917e-04 3.1881765701e-03
1 1.000000 -2.5138702958e-03 -2.9728656161e-03 6.6635005396e-04 4.4727327435e-06 5.3886628659e-04 -1.4238990685e-04 -1.1093542767e-03 5.1248932195e-04 -5.4875692174e-03 2.2187556498e-03 1.9947074246e-03 1.2773970115e-03 8.7590110516e-04 3.9356520984e-03 -1.3773769826e-03 -2.0433007209e-03 1.3776825241e-03 1.5603595950e-03 3.0957327025e-04 3.4998349819e-03
1 1.050000 -1.2533689446e-03 -1.7251426049e-03 3.6660996233e-04 1.0690465901e-04 2.8940554245e-04 3.5385836393e-05 -7.8977203300e-04 1.5761314358e-04 -3.2840413614e-03 1.1621017691e-03 1.1717762186e-03 8.9202070840e-04 1.9433689223e-04 3.2163172077e-03 -1.3304003233e-03 -1.9066553568e-03 9.9749206099e-04 1.8434081283e-03 2.0858807337e-04 3.7448723634e-03
1 1.100000 -1.3098469900e-04 -6.8021397259e-04 -4.0811063497e-05 2.2087895121e-04 4.6212508892e-05 -8.7490226230e-05 -3.1905514822e-04 -1.8873402255e-04 -7.9750542207e-04 1.9121079472e-04 1.3302762359e-04 4.2237341700e-04 -5.2974959820e-04 2.3422174844e-03 -1.2614921294e-03 -1.6580268233e-03 5.5485367643e-04 2.0607556011e-03 1.5013618124e-04 3.7888396452e-03
1 1.150000 1.0186200864e-04 -5.4719259584e-04 -2.9974424631e-04 2.1948356705e-04 -9.8164023861e-06 -6.8274718973e-05 -1.4116782944e-04 -3.9895936501e-04 6.9247547895e-05 -6.5253481628e-05 -2.8398676868e-04 1.9354216349e-04 -7.0000191165e-04 1.7509271203e-03 -1.1591719348e-03 -1.4214961865e-03 3.0386082418e-04 2.0976591203e-03 1.4726025215e-04 3.7107126914e-03
1 1.200000 -7.4759698034e-04 -1.3509529080e-03 -2.3523511254e-04 4.7387364581e-05 1.3895450620e-04 4.5369187831e-04 -5.2479716570e-04 -4.4590796288e-04 -1.6289502072e-03 5.5854051816e-04 3.4692984461e-04 3.9329900457e-04 -5.9540437626e-05 1.7098248678e-03 -1.0368892575e-03 -1.2903545624e-03 4.2973045858e-04 1.9667383544e-03 1.7270934807e-04 3.4395666045e-03
1 1.250000 -1.2553170019e-03 -1.6992161930e-03 -1.5072333617e-04 -9.7347751845e-05 2.3310194919e-04 8.1969831181e-04 -6.2348856277e-04 -5.4564539167e-04 -2.3144712043e-03 7.3632910345e-04 6.9246144008e-04 3.8613034232e-04 1.6334545799e-04 1.7823366694e-03 -9.8116032752e-04 -1.2466891631e-03 4.7485666387e-04 1.9614719536e-03 1.1560667261e-04 3.4009647807e-03
1 1.300000 -1.3745058337e-03 -1.7103950688e-03 -1.6962401731e-04 -1.7311377073e-04 2.7465125543e-04 1.1240531146e-03 -5.6155685861e-04 -5.7988253799e-04 -2.2133238419e-03 6.1984962486e-04 6.8273307658e-04 2.5912560659e-04 1.7556846022e-04 1.7612867229e-03 -8.9778467537e-04 -1.1668308427e-03 4.8392612290e-04 2.0587485322e-03 -2.3328163479e-05 3.4373703838e-03
1 1.350000 -1.3525819401e-03 -1.6367710385e-03 -2.2473796460e-04 -1.5801975610e-04 2.6842526116e-04 1.3918868823e-03 -4.7067998602e-04 -5.4433506441e-04 -1.8806155031e-03 3.7799331868e-04 5.4750198278e-04 1.4534914603e-04 1.0079427805e-04 1.7059347213e-03 -8.4937810139e-04 -1.0995000436e-03 5.4814303289e-04 2.1961094700e-03 -2.2222749994e-04 3.4125089341e-03
1 1.400000 -1.0097113197e-03 -1.3824993861e-03 -3.8087028055e-04 -2.8800872278e-05 2.2281829652e-04 1.4661022982e-03 -1.6424536500e-04 -4.8740528946e-04 -5.9772705921e-04 -1.6895398762e-04 5.9464120251e-05 -4.2686556859e-05 -3.0788376899e-04 1.4536015837e-03 -8.0722442307e-04 -1.0118959446e-03 4.2982164081e-04 2.3115356748e-03 -4.4079496270e-04 3.5673480221e-03
1 1.450000 -9.7389816094e-04 -1.4689187941e-03 -4.3538772315e-04 9.1935207656e-05 2.1823844916e-04 1.9378697095e-03 -2.1669092185e-04 -3.4287602819e-04 -4.7427876878e-04 -3.3670243143e-04 -3.7206120029e-06 1.0109281649e-04 -3.1231332011e-04 1.2816235651e-03 -6.9898554996e-04 -9.1019453756e-04 4.1701890637e-04 2.2987346167e-03 -5.2268556402e-04 3.6021674021e-03
1 1.500000 -1.2055574676e-03 -1.6985593371e-03 -2.9906280438e-04 2.1596344263e-04 2.0320122225e-04 2.5957797143e-03 -4.4782325669e-04 -1.9530340629e-04 -9.9348265462e-04 -3.0783854764e-04 2.6387650854e-04 3.8421533544e-04 -1.8334907204e-04 1.3028885017e-03 -6.3107612400e-04 -9.0504711291e-04 4.4669354305e-04 2.1800570746e-03 -4.8217840227e-04 3.6131770167e-03
1 1.550000 -1.3480742478e-03 -1.8038629227e-03 -1.3682499932e-04 3.5817014868e-04 1.2320912309e-04 3.0470911304e-03 -5.8300733099e-04 -1.6934338448e-04 -1.1132214137e-03 -3.8511930780e-04 3.9977633321e-04 5.7974136941e-04 -1.5971138948e-04 1.2791873858e-03 -5.6787439437e-04 -9.2679424246e-04 4.3962211794e-04 2.0718519685e-03 -3.8491930394e-04 3.5800579455e-03
1 1.600000 -1.2232100835e-03 -1.6771432138e-03 -6.4221449678e-05 5.0957687407e-04 1.4660636193e-05 3.0873151407e-03 -4.5473627126e-04 -2.4981602124e-04 -3.3208863458e-04 -6.6468783707e-04 1.7140826797e-04 5.3885398615e-04 -3.7277530516e-04 1.0965661020e-03 -5.1271465806e-04 -9.4450045236e-04 3.0546175214e-04 1.9895160299e-03 -3.2019974462e-04 3.5503339146e-03
1 1.650000 -9.6259567798e-04 -1.4950290476e-03 -1.0159798331e-04 5.9048115738e-04 -3.4191277210e-05 2.9751360797e-03 -2.8061715802e-04 -3.3348748072e-04 4.4739870730e-04 -8.7076334515e-04 -1.4823780378e-04 4.3514955840e-04 -4.8835829345e-04 8.1216899135e-04 -4.2251831446e-04 -8.9839488080e-04 1.6349699820e-04 1.9001003635e-03 -2.6948529635e-04 3.3373519443e-03
1 1.700000 -7.4840136428e-04 -1.3743206256e-03 -1.4013186821e-04 5.6891258547e-04 8.3312279398e-07 2.8504326496e-03 -1.8239246267e-04 -3.3262164659e-04 6.4383699844e-04 -8.7252346803e-04 -2.8250819063e-04 3.6018706672e-04 -4.2544770353e-04 5.8596627173e-04 -3.3124454279e-04 -8.1230603913e-04 9.2828436296e-05 1.7671601604e-03 -2.1369235115e-04 2.8658782415e-03
1 1.750000 -5.8095082347e-04 -1.3200508897e-03 -1.6754406851e-04 4.6831730718e-04 6.0825032278e-05 2.6683173251e-03 -1.1923891287e-04 -2.7129824827e-04 5.3743322463e-04 -8.2327268788e-04 -2.7631416699e-04 2.8976017952e-04 -3.1909733904e-04 4.0993663045e-04 -2.2084715642e-04 -6.8064981973e-04 7.7554812277e-05 1.5878747310e-03 -1.4575979774e-04 2.2842572608e-03
1 1.800000 -5.0300679692e-04 -1.3406393425e-03 -1.8885049241e-04 3.2422245577e-04 7.2060280552e-05 2.4984946555e-03 -1.1357192778e-04 -2.0627048902e-04 3.4533510454e-04 -8.2052823988e-04 -1.5922301123e-04 2.2541103500e-04 -2.2805918108e-04 2.7557485058e-04 -7.6281504758e-05 -5.3133758586e-04 1.0773169762e-04 1.3795815723e-03 -6.1767241866e-05 1.7656439832e-03
1 1.850000 -5.5743740690e-04 -1.4203524621e-03 -2.1895198105e-04 1.6923419967e-04 -3.3884165042e-06 2.4642342906e-03 -2.0154086647e-04 -1.8094924524e-04 1.6254765172e-04 -8.8562635574e-04 7.8411774309e-05 1.8797868498e-04 -1.4032656354e-04 1.8638172203e-04 7.3642936992e-05 -4.1177165274e-04 1.4132803498e-04 1.1764992331e-03 3.5321131114e-05 1.3773196822e-03
1 1.900000 -7.1548341740e-04 -1.5253562967e-03 -2.9686174894e-04 1.9430406223e-05 -1.4357368178e-04 2.6141022688e-03 -3.2263367601e-04 -2.0196107522e-04 1.5993566960e-04 -1.0241553920e-03 3.6187012447e-04 1.8644086250e-04 -7.5353203888e-05 1.0886042102e-04 2.0275349410e-04 -3.2993988966e-04 8.0947103721e-05 9.9859885279e-04 1.2061646523e-04 1.0972316749e-03
1 1.950000 -9.1314885878e-04 -1.6682240804e-03 -4.3252443660e-04 -1.1680770623e-04 -2.8945425780e-04 2.9440045056e-03 -4.3029803783e-04 -2.4886112990e-04 4.2968160120e-04 -1.2250668245e-03 5.6118882813e-04 2.0278902905e-04 -3.5512724388e-05 -1.3189937659e-05 3.0618948435e-04 -2.4879034352e-04 -1.0334990105e-04 8.5239651271e-04 1.7422814919e-04 8.5164037438e-04
1 2.000000 -1.0984580580e-03 -1.8947104280e-03 -5.8274768164e-04 -2.1710896376e-04 -3.8163738456e-04 3.3935051157e-03 -4.8551108909e-04 -2.7862373512e-04 9.6669186208e-04 -1.4341026160e-03 5.4768294499e-04 2.1151804287e-04 -5.2747151894e-05 -2.1210853178e-04 4.0479899940e-04 -1.3162459060e-04 -3.4741382515e-04 6.8400340042e-04 1.7569200737e-04 6.1986252224e-04
1 2.050000 -1.2381493569e-03 -2.2217939940e-03 -6.9640616252e-04 -2.5285344776e-04 -3.9971532100e-04 3.8988151115e-03 -5.1809312029e-04 -2.7793477112e-04 1.5650263887e-03 -1.5749359153e-03 3.0305639260e-04 2.0664783358e-04 -9.6040287146e-05 -4.8047165213e-04 5.2070366614e-04 4.0585622015e-05 -4.8968039927e-04 4.5103624345e-04 1.2413843503e-04 3.5798053344e-04
1 2.100000 -1.3164782591e-03 -2.5862372449e-03 -7.1851790036e-04 -2.0447032721e-04 -3.4070171207e-04 4.3613030538e-03 -5.3972280435e-04 -2.4542886622e-04 2.0622206108e-03 -1.6143097572e-03 -5.4855335304e-05 1.6992109917e-04 -1.9446604390e-04 -7.3583640869e-04 6.3086961344e-04 2.3200362812e-04 -4.4503978651e-04 1.3892562496e-04 3.9996261571e-06 5.1962237531e-05
1 2.150000 -1.3256680155e-03 -2.8870024902e-03 -6.6747662007e-04 -8.4338875513e-05 -2.0525911930e-04 4.6955970943e-03 -5.3855320472e-04 -2.1830726195e-04 2.4696562304e-03 -1.6101761042e-03 -4.0738642368e-04 8.2601225295e-05 -3.9804198097e-04 -9.1521826885e-04 7.1413671737e-04 4.0283028730e-04 -2.8356830108e-04 -1.9478904876e-04 -1.7334032086e-04 -2.6576820024e-04
1 2.200000 -1.3016729519e-03 -3.0704025107e-03 -5.6452689826e-04 7.4926894474e-05 -1.5605749729e-05 4.9098878068e-03 -5.3880667600e-04 -2.3852135957e-04 2.7711670821e-03 -1.6130750108e-03 -6.4968511344e-04 -3.6380328609e-05 -6.9679606181e-04 -9.9360988077e-04 7.5298462917e-04 5.1949079062e-04 -1.2255215359e-04 -4.8282503466e-04 -3.4434165442e-04 -5.7952373083e-04
1 2.250000 -1.2805974749e-03 -3.1360995275e-03 -4.0752830539e-04 2.4885192165e-04 1.5836063411e-04 5.0684050207e-03 -5.6887594460e-04 -3.2998808281e-04 2.9534170704e-03 -1.6698750236e-03 -7.5394051818e-04 -1.6824128656e-04 -1.0108759352e-03 -1.0051100042e-03 7.2818443520e-04 5.6950024156e-04 -3.4253812288e-05 -7.0561261835e-04 -4.3394844640e-04 -8.9125428014e-04
1 2.300000 -1.2454159702e-03 -3.1077745424e-03 -2.0180921791e-04 4.1256850007e-04 2.3843728605e-04 5.1882790751e-03 -5.7699587905e-04 -4.7280841746e-04 3.0883413576e-03 -1.8064103174e-03 -7.7238458875e-04 -3.1543954815e-04 -1.2674694068e-03 -1.0242515199e-03 6.3549118523e-04 5.6131743154e-04 -2.5536831230e-05 -8.9010713820e-04 -4.1213604628e-04 -1.1946702378e-03
1 2.350000 -1.1645687881e-03 -2.9909502382e-03 -4.0583859927e-06 5.2896138577e-04 2.1246997665e-04 5.2194313612e-03 -5.0552808973e-04 -5.9105268676e-04 3.2490376809e-03 -2.0139561485e-03 -7.8627685201e-04 -5.0082018058e-04 -1.4094297315e-03 -1.1017522570e-03 4.8261853767e-04 5.3119495211e-04 -8.4427220252e-05 -1.0364201812e-03 -3.0845149604e-04 -1.4655385663e-03
1 2.400000 -1.0408587970e-03 -2.8160825576e-03 1.0577257502e-04 5.8415147573e-04 1.3728678430e-04 5.1173251423e-03 -3.5612895588e-04 -5.9546728486e-04 3.4105436554e-03 -2.2013501516e-03 -8.2069585068e-04 -7.3516343388e-04 -1.4155676224e-03 -1.2244671533e-03 2.9212818132e-04 5.1968520435e-04 -2.0807558071e-04 -1.1492919826e-03 -1.8473543808e-04 -1.6526940832e-03
1 2.450000 -9.4264776223e-04 -2.6775655966e-03 6.5055083773e-05 6.0628252371e-04 4.5642522032e-05 4.9914081822e-03 -2.2487933730e-04 -4.5764456279e-04 3.4108068042e-03 -2.2514542776e-03 -8.5004765613e-04 -9.7581261772e-04 -1.2706518257e-03 -1.3409449435e-03 1.0905458358e-04 5.6806945699e-04 -4.0355195289e-04 -1.2446511867e-03 -7.6800553288e-05 -1.7696060161e-03
1 2.500000 -9.2773675043e-04 -2.7062019863e-03 -9.5530721086e-05 6.4277499187e-04 -9.4631510016e-05 5.0838746810e-03 -2.2639736242e-04 -2.5209971538e-04 3.0392278585e-03 -2.0924462241e-03 -7.7914387292e-04 -1.1432916386e-03 -1.0037935227e-03 -1.4011626810e-03 -1.5567219805e-05 6.8492019477e-04 -6.0637175969e-04 -1.3691063269e-03 4.0706700400e-05 -1.9675535066e-03
1 2.550000 -1.0089591337e-03 -2.8977580277e-03 -2.8192045253e-04 6.9267150958e-04 -2.8846148727e-04 5.4930987998e-03 -3.9549806349e-04 -7.4798679813e-05 2.3439682294e-03 -1.8329578017e-03 -5.7818425942e-04 -1.2004884660e-03 -7.2772178812e-04 -1.3666679407e-03 -7.1371773437e-05 8.5266127764e-04 -7.6944140486e-04 -1.5359740360e-03 1.8317353315e-04 -2.3562448625e-03
1 2.600000 -1.1367734825e-03 -3.1047103522e-03 -4.1819326482e-04 7.0491452444e-04 -4.6482685194e-04 5.9602298093e-03 -5.6803033062e-04 -9.1220822411e-06 1.7308947022e-03 -1.6345297108e-03 -3.5651002760e-04 -1.1654903429e-03 -6.2860083290e-04 -1.2534167808e-03 -3.3724985457e-05 1.0383939680e-03 -8.7425114151e-04 -1.7340082237e-03 2.9985463903e-04 -2.8153139411e-03
1 2.650000 -1.2159159299e-03 -3.1669321515e-03 -4.9211278856e-04 6.2323408081e-04 -5.6269394781e-04 6.1149579633e-03 -5.7771755657e-04 -7.1447909845e-05 1.4971560634e-03 -1.5481192100e-03 -2.7285920322e-04 -1.0706081972e-03 -6.9453401263e-04 -1.1549038353e-03 1.4811795716e-04 1.1824396411e-03 -8.6584920179e-04 -1.8616933120e-03 3.6953170609e-04 -3.1385645605e-03
1 2.700000 -1.2299471638e-03 -3.0239429644e-03 -4.8859275761e-04 4.4820004076e-04 -5.7867281403e-04 5.7667171758e-03 -4.9540535597e-04 -1.8952804966e-04 1.5447205301e-03 -1.5178444366e-03 -3.4981081571e-04 -9.4620699728e-04 -7.8617904589e-04 -1.0616733991e-03 4.3343831903e-04 1.2337473707e-03 -7.2624131817e-04 -1.8618033289e-03 3.6250569210e-04 -3.1783350916e-03
1 2.750000 -1.3831647707e-03 -3.0282768100e-03 -3.2540428673e-04 2.3264927259e-04 -4.3354988800e-04 4.9437748232e-03 -3.4957613528e-04 -2.3887746777e-04 1.6121976929e-03 -1.6492247597e-03 -5.0321438606e-04 -8.9009353485e-04 -9.4461674799e-04 -1.0202263784e-03 8.6644198728e-04 1.0368197593e-03 -4.4774464827e-04 -1.6318954714e-03 3.3800331298e-04 -3.1409348198e-03
1 2.800000 -9.3102554913e-04 -2.2375741981e-03 -8.0384853445e-05 1.4570941448e-04 -5.9517776549e-04 4.0846423686e-03 -3.2139117557e-04 -5.4465970513e-04 1.8766063675e-03 -1.3833697044e-03 -6.5526568634e-04 -6.1208082086e-04 -9.0457317892e-04 -8.7720107879e-04 7.9938051645e-04 9.7358624078e-04 -2.6855377159e-04 -1.5019829902e-03 3.2142126029e-04 -2.4298060522e-03
1 2.850000 -1.1505393934e-03 -2.3767209747e-03 -7.9228151283e-05 2.8179330288e-04 -7.8556024493e-04 2.8260618084e-03 -3.5935784190e-04 -5.9016208591e-04 3.0327219935e-03 -1.5772510360e-03 -1.0165447632e-03 -1.4134086829e-03 -1.0177621100e-03 -9.7871748094e-04 7.7910582224e-04 7.1426824988e-04 -1.6488047819e-04 -1.4768506591e-03 -2.7497486669e-05 -2.8737734589e-03
1 2.900000 -1.1071163565e-03 -1.8145766006e-03 -2.0215813692e-04 1.3556146303e-05 4.0666473920e-05 2.5670745611e-03 1.0928256546e-04 2.7814737331e-04 3.3244281025e-03 -1.8426285324e-03 -1.3450042292e-03 -7.8604420492e-04 -1.6661617513e-03 -7.2236507608e-04 6.8075149804e-04 1.4200772084e-03 -1.1291806388e-03 -1.5134959896e-03 -1.2814466997e-04 -1.3266558012e-03
1 2.950000 -1.6042897169e-03 -1.7200097233e-03 -5.5759824733e-04 -2.2777433145e-04 -3.9819607514e-04 3.9503127365e-03 1.9620368211e-04 5.9059875363e-04 3.3317621078e-03 -1.0647736936e-03 -1.1700910001e-03 -1.9590631509e-04 -7.1102511993e-04 -1.8164031761e-03 1.2454685938e-03 4.8023948777e-04 -2.6842014492e-04 -1.3605962778e-03 1.0256036594e-04 -2.1171747659e-03
1 3.000000 1.9824252382e-04 -1.5242874813e-03 -1.3827732802e-05 9.9300590605e-04 -4.6742067327e-04 3.0857244402e-03 -6.4666378619e-04 3.9652568172e-04 9.7974485808e-05 -7.3747993003e-04 -1.2801746185e-04 -8.3157447875e-05 3.1020468430e-04 -5.1952007778e-04 8.9308112044e-05 3.0582608356e-04 -1.2900058474e-03 -6.8968311573e-04 3.8443634623e-04 -1.4952203804e-03
2 0.000000 1.8565302895e-03 -5.4261758186e-04 -5.3104418845e-03 -1.6219303297e-03 3.2389995416e-04 5.0090450338e-05 6.0283646323e-03 -8.0881126851e-04 -8.6436815903e-04 -2.1474855046e-03 2.8050447324e-03 -1.6569895658e-04 -1.8983017669e-04 1.6123303224e-03 2.3950084438e-04 5.9896768085e-04 -4.1722054435e-03 -2.0784794766e-03 -3.0407718622e-03 7.9877292195e-04
2 0.050000 1.0745552958e-03 -4.4789947222e-04 -3.4358705224e-03 -1.1059681903e-03 1.2744464000e-04 2.8721823055e-04 4.0628009138e-03 3.6068872198e-04 9.4111225616e-04 -1.4148984839e-03 4.8265028331e-03 9.4166352359e-04 3.0207086263e-03 1.7649636678e-03 1.1717535304e-03 -1.0569992283e-03 -3.9685066952e-03 -2.0210749545e-04 -1.4195623322e-05 2.8680600836e-05
2 0.100000 7.0943071552e-04 -2.9388620389e-04 -3.5713485766e-03 -1.2622285772e-03 3.0762210195e-04 3.1861168168e-04 4.2028042664e-03 -1.6970615024e-04 2.0450981494e-03 -1.4965863739e-03 5.0496318612e-03 5.5126740790e-04 4.1119374146e-03 1.3648483859e-03 5.0918237090e-04 -9.7951669778e-04 -1.6161733982e-03 4.5653078588e-04 1.6685709574e-03 -2.1267854763e-04
2 0.150000 2.0244540192e-03 -6.0619560707e-04 -6.8799011664e-03 -2.3433869978e-03 1.8118944476e-04 5.0190974843e-04 7.3698106517e-03 -1.9753485069e-04 1.7828367634e-03 -2.8259648070e-03 7.1718736284e-03 6.8231676676e-04 4.7352567246e-03 1.7933498172e-03 5.7923939060e-04 -9.0979439397e-04 -2.4976820104e-03 -8.6400993380e-05 6.3979819417e-04 -3.8459102553e-05
2 0.200000 1.9007288624e-03 -4.7218862643e-04 -6.5005140011e-03 -2.4417597945e-03 -4.3769516092e-05 5.6586295974e-04 6.6816102887e-03 1.3405539494e-04 2.2711003000e-03 -2.8346675468e-03 7.2734211613e-03 7.0447865025e-04 5.6029464137e-03 9.0188254221e-04 5.6172164230e-05 -8.6625927735e-04 4.0490676890e-04 6.2360240167e-04 1.4839021382e-03 -2.8746893691e-04
2 0.250000 1.1664584093e-03 -2.1690813724e-04 -4.5240554188e-03 -2.1058414472e-03 -1.3985231095e-04 6.1865197228e-04 4.4846069527e-03 2.0558358096e-04 2.6244040058e-03 -2.3470082056e-03 5.8535230503e-03 5.4552446821e-04 5.6792694576e-03 -6.2733770155e-04 -7.4127688698e-04 -4.0853425178e-04 4.7352455545e-03 1.4168691126e-03 2.0511270078e-03 -5.3859385197e-04
2 0.300000 1.8030061262e-03 -3.9817130681e-04 -5.9459505463e-03 -2.5607421010e-03 -5.0536676483e-05 6.2168049026e-04 4.9371119013e-03 -3.1985614378e-04 1.4178978521e-03 -2.7163635096e-03 4.3236193640e-03 1.0913097116e-05 3.9085777301e-03 -1.5970162479e-03 -1.5885931204e-03 7.3563506227e-04 6.6276434865e-03 3.8627745061e-04 -8.5434062739e-05 -3.4348531041e-04
2 0.350000 6.9543566037e-06 1.7363813313e-04 -1.2397048396e-03 -1.2615365994e-03 -5.5998009582e-05 5.1644543601e-04 6.3538128949e-04 -7.1104098955e-05 2.3199674940e-03 -1.1495103466e-03 2.4849512141e-03 1.9154758141e-04 4.4237944344e-03 -2.9719695859e-03 -2.0221571758e-03 6.6372199184e-04 1.0441607060e-02 1.4826291310e-03 1.0063175598e-03 -7.3267916700e-04
2 0.400000 -1.6348509619e-03 6.0370836624e-04 2.8585325201e-03 5.4635625796e-05 2.5518103447e-04 4.5476089069e-04 -2.7095061154e-03 -2.8169045119e-04 2.9001345446e-03 1.4283620296e-04 6.0224174487e-04 1.1180872134e-04 4.2079358982e-03 -3.8560647448e-03 -2.2098313733e-03 7.4055002262e-04 1.2941210573e-02 1.9419828074e-03 1.2950743562e-03 -9.6909610736e-04
2 0.450000 3.2308013356e-03 -8.9711049710e-04 -9.0737620088e-03 -2.6972477116e-03 6.8340628075e-04 5.6569296167e-04 4.5215138231e-03 -1.5617772945e-03 -1.6224810119e-03 -2.5084865927e-03 2.0442342203e-05 -9.7443900940e-04 -1.2674279137e-03 -2.4049564372e-03 -2.0342345416e-03 2.0836208983e-03 6.5317604708e-03 -1.9462047344e-03 -4.8320519991e-03 3.4168870672e-05
2 0.500000 6.5992101332e-03 -1.7619215655e-03 -1.7383766143e-02 -4.7392654768e-03 7.2172915174e-04 5.3401607287e-04 7.8230853840e-03 -1.8016405610e-03 -4.3470026992e-03 -3.8761381841e-03 -6.4325380299e-04 -1.2091762603e-03 -4.5663349275e-03 -1.3891520851e-03 -1.5633222028e-03 2.3248086041e-03 1.7386871782e-03 -3.2689040679e-03 -7.0726927964e-03 6.7836956378e-04
2 0.550000 1.8658762632e-02 -5.5026095538e-03 -4.8466156215e-02 -1.2263870107e-02 1.1963228182e-03 4.6950878643e-04 2.0678246382e-02 -3.8394710752e-03 -1.4198274625e-02 -8.7191787196e-03 -3.7385090350e-03 -3.8577043633e-03 -1.6168901017e-02 5.3038999914e-04 -1.3810696722e-03 3.9149920351e-03 -9.9676506974e-03 -7.8575160098e-03 -1.3748757088e-02 2.1332594717e-03
2 0.600000 2.8606990650e-02 -8.8344002375e-03 -7.5702432692e-02 -1.8800498175e-02 1.1583567702e-03 -3.2231626665e-04 2.4925415155e-02 -4.6918967062e-03 -2.1578894549e-02 -1.0303339136e-02 -1.0018467798e-02 -6.0146246136e-03 -2.5695022740e-02 2.7783747488e-04 -1.1541223169e-03 3.7158901312e-03 -1.7465592621e-02 -7.3843561765e-03 -1.2287660667e-02 2.8532051069e-03
2 0.650000 8.7039219421e-02 -2.8786852297e-02 -2.2882953719e-01 -5.3299281091e-02 1.1371788403e-03 -1.0534571905e-03 6.9608501471e-02 -1.2877014270e-02 -6.6055115769e-02 -2.4501592950e-02 -3.5949784739e-02 -2.0174311864e-02 -8.0576410974e-02 4.0276490066e-03 -2.8532607938e-04 5.9125053013e-03 -6.0365940094e-02 -1.6527028234e-02 -2.2302581350e-02 5.7173812352e-03
2 0.700000 3.0781360993e-02 -1.3510674220e-02 -9.6043902883e-02 -2.2484125272e-02 -1.6642896571e-03 -4.1525283328e-03 -1.3691366840e-02 -1.0375929515e-03 -1.8971391489e-02 8.2734902741e-03 -3.6592017306e-02 -7.3348813608e-03 -2.9724747767e-02 -5.9683020864e-03 1.5762717740e-03 -7.4248428705e-03 -1.6708555724e-02 1.6492406042e-02 3.0977172925e-02 -1.9063796426e-03
2 0.750000 -3.2281679452e-02 4.6086791688e-03 6.1674176569e-02 1.4310526195e-02 3.1255425663e-05 -3.4195552154e-03 -6.7792407197e-02 7.6315750742e-03 2.7321402687e-02 2.9293818880e-02 -1.4745303829e-02 6.1048130341e-03 2.4726558206e-02 -7.3146286581e-03 3.0449947929e-03 -1.1179597457e-02 2.5997553665e-02 2.5261382724e-02 4.3689857835e-02 -5.3777410641e-03
2 0.800000 2.9306335942e-02 -1.4174266547e-02 -9.0708944758e-02 -1.5676434356e-02 -1.0187048673e-03 -1.9217324864e-03 -2.7061494672e-02 1.6049278089e-03 -1.6373028069e-02 1.6425097331e-02 -4.3400458851e-02 -8.5776977214e-03 -2.9746760494e-02 -2.6562323857e-03 3.6458462146e-03 -8.8120717704e-03 -4.4180061355e-03 1.8806188738e-02 3.7998526976e-02 -4.1774257883e-03
2 0.850000 -1.3240111218e-02 9.2108818442e-05 2.1249203238e-02 7.1533975701e-03 -3.3324425248e-03 -1.0429608887e-03 -5.7982378926e-02 7.2540562138e-03 2.0351752343e-02 2.7147049033e-02 -1.8928749208e-02 4.7670898264e-03 1.4954562214e-02 4.5530009625e-04 5.4194607419e-03 -8.0175438885e-03 1.4609729934e-02 2.1218479828e-02 3.6860551542e-02 -4.1134911220e-03
2 0.900000 -3.8869751800e-02 1.1619156885e-02 9.6666863041e-02 2.2157398669e-02 -5.8504649241e-04 -1.1802086571e-04 -5.2057938840e-02 9.1768616398e-03 3.7843848521e-02 2.4071263572e-02 1.0679373383e-02 1.2946563359e-02 4.0751984103e-02 4.1265919288e-03 3.7000201754e-03 -1.8189479823e-03 2.4041308852e-02 5.4179140442e-03 7.6296307723e-03 -1.3331804094e-03
2 0.950000 -3.1368583280e-02 1.2056174785e-02 8.4763167893e-02 1.8878275651e-02 5.1674806595e-04 5.1902140195e-04 -3.1269415877e-02 6.9535283944e-03 3.0618378284e-02 1.5436681263e-02 1.7593867561e-02 1.2007979058e-02 3.4547826241e-02 4.0853649675e-03 1.4976409005e-03 2.0512707983e-03 1.8464726974e-02 -4.2103663058e-03 -9.4645805841e-03 1.6076104789e-04
2 1.000000 -4.5517775780e-02 1.7927378322e-02 1.2623831118e-01 2.4802690173e-02 2.6191855625e-03 1.4528512189e-03 -9.9177338045e-03 6.0942181273e-03 3.6999599500e-02 5.6755098693e-03 4.4069532900e-02 1.7079349646e-02 4.7086504947e-02 8.6860644207e-03 1.1039467853e-03 6.9653067954e-03 9.4245412113e-03 -2.0259891345e-02 -4.0051915428e-02 4.4924810794e-03
2 1.050000 -2.4032827319e-02 1.0645263279e-02 6.9691819708e-02 1.3127892648e-02 2.3315097358e-03 1.0391952177e-03 2.8201483579e-03 2.5724720324e-03 1.8215427931e-02 -4.9137621980e-04 2.9430574051e-02 1.0026763517e-02 2.4855606711e-02 5.5551401870e-03 2.7177762077e-04 5.1977284871e-03 2.6257520002e-03 -1.6559694603e-02 -3.1350710888e-02 3.5510762955e-03
2 1.100000 -6.1433314835e-03 3.6279954438e-03 1.9990738903e-02 3.7884041045e-03 7.4994041790e-04 3.5266281840e-04 5.4933712884e-04 9.8307395469e-04 5.3097849047e-03 2.8491275665e-04 8.5530505604e-03 3.4308646113e-03 6.9521171019e-03 7.7818584491e-04 -1.7241920187e-04 2.3510125659e-03 1.9419078993e-03 -5.8969042733e-03 -1.1529090501e-02 5.8167743257e-04
2 1.150000 -3.1970737786e-03 2.0859976444e-03 1.1419256579e-02 2.0718352557e-03 4.7741692716e-04 1.7226398422e-04 4.8204195375e-04 1.0465014039e-03 3.0812838880e-03 4.3595041816e-04 4.5360732026e-03 2.0826981697e-03 3.7537047627e-03 -9.8845564942e-05 -1.5249075968e-04 1.9590620781e-03 1.0277170248e-03 -3.8494800390e-03 -7.7997091138e-03 2.4142476127e-05
2 1.200000 -3.9103254659e-03 2.0902436796e-03 1.3472475530e-02 2.1142972864e-03 7.6114273601e-04 1.5864314432e-04 3.2748361526e-03 1.0697001290e-03 3.0629334312e-03 -1.0342215813e-03 6.4523578491e-03 2.1875672599e-03 4.2156496977e-03 7.3094400280e-04 1.4856249620e-04 2.3015264591e-03 -9.8802168127e-04 -5.5166923016e-03 -1.0301017151e-02 5.2328055194e-04
2 1.250000 -2.8514761113e-03 1.4681836175e-03 1.0288872391e-02 1.4860361568e-03 7.4559014793e-04 1.4085253066e-04 3.6375309648e-03 7.9051863080e-04 2.0610433265e-03 -1.6298867604e-03 5.0790018711e-03 1.5248848486e-03 2.9217079548e-03 6.5420577057e-04 2.7126286850e-04 1.9328477905e-03 -1.4618826635e-03 -4.9588443009e-03 -8.8301094466e-03 4.2857326423e-04
2 1.300000 -2.0102955948e-03 9.2297451962e-04 7.4766383137e-03 1.1607946246e-03 7.5030977432e-04 2.7708377898e-04 3.2464684229e-03 5.4607136853e-04 1.3616872640e-03 -1.7614619159e-03 3.5575470652e-03 9.9318041664e-04 1.8057543254e-03 5.0212695688e-04 2.6168382732e-04 1.4479968374e-03 -1.5796336662e-03 -4.0692759550e-03 -7.1251219108e-03 3.8704566754e-04
2 1.350000 -1.2307755381e-03 4.7201007051e-04 4.8162207390e-03 1.0233721807e-03 5.9162835366e-04 3.6752056221e-04 2.2414345828e-03 2.2530907862e-04 6.9570789035e-04 -1.5539023559e-03 1.9330812233e-03 5.5987991943e-04 7.8135776935e-04 1.9823336382e-04 1.6537772754e-04 9.2860825352e-04 -1.0946162557e-03 -2.8170035365e-03 -5.0046971145e-03 2.0239415010e-04
2 1.400000 -3.1874591217e-04 -2.0210623396e-05 1.7939426850e-03 1.0148203912e-03 1.4667472915e-04 2.4543516523e-04 3.0483843051e-04 2.9430440858e-05 -1.1020002583e-04 -7.8678027167e-04 -2.8500662611e-04 1.1246320625e-04 -3.6359910406e-04 -4.1035820978e-04 -4.0808411412e-05 3.7139577485e-04 2.1549645883e-04 -9.3722357238e-04 -1.8334020896e-03 -2.6761143079e-04
2 1.450000 -4.0386032104e-04 -1.3349797556e-04 1.8961282471e-03 1.2884097006e-03 -7.7324938164e-05 2.0527341373e-04 5.4712019683e-04 4.3352193201e-05 -3.5131027283e-04 -7.5055437048e-04 7.5498841445e-05 2.0517644532e-04 -3.9458529120e-04 -9.4516996558e-05 -6.7460811329e-05 4.4560773078e-04 -3.4940588713e-05 -9.4908832456e-04 -1.9432048312e-03 -1.3806371536e-04
2 1.500000 -7.8712224006e-04 -9.9915940620e-07 3.1252739088e-03 1.4087395130e-03 -2.7515016917e-04 1.8369632630e-04 2.0726874576e-03 -8.1416105575e-05 -4.2375438282e-04 -1.2641328514e-03 1.6418678059e-03 4.2231356495e-04 -1.7815044439e-05 6.4417269197e-04 6.6128609553e-05 8.6947604213e-04 -1.1275313039e-03 -1.9582378991e-03 -3.6138397797e-03 2.6162031222e-04
2 1.550000 -9.6000284498e-04 1.4976633936e-04 3.7617578908e-03 1.2565937273e-03 -3.8609632426e-04 1.8820051304e-04 3.2392916642e-03 -2.7455322354e-04 -4.8857465168e-04 -1.6373629936e-03 2.5867298947e-03 4.0171062702e-04 1.5035111968e-04 1.1951798706e-03 1.7696743825e-04 1.1886487517e-03 -1.9704951493e-03 -2.6432090530e-03 -4.5917656781e-03 5.6870708348e-04
2 1.600000 -7.2626501704e-04 2.4486068380e-04 3.0639456836e-03 9.8387937397e-04 -4.5541653654e-04 9.3041666902e-05 2.8503164099e-03 -4.1153529622e-04 -6.6361280630e-04 -1.4192706497e-03 1.8877062296e-03 1.0264478141e-05 -1.5470069457e-04 1.1294751155e-03 1.0491139090e-04 1.0585800531e-03 -1.6385040999e-03 -2.1442236562e-03 -3.4669557364e-03 4.6299488135e-04
2 1.650000 -4.3274820555e-04 3.5608680653e-04 2.1389012444e-03 8.0188321296e-04 -3.6394597732e-04 -2.5152374558e-05 1.9171786639e-03 -3.8607036302e-04 -8.1546900679e-04 -1.0394566491e-03 6.5948920175e-04 -4.4903354512e-04 -6.0010433380e-04 8.6585912539e-04 -9.8452393396e-05 6.8160424779e-04 -8.8361631245e-04 -1.2499393435e-03 -1.7228214169e-03 2.4076621134e-04
2 1.700000 -3.0576823119e-04 5.2721010892e-04 1.7888809956e-03 7.6857362337e-04 -1.6719397836e-04 -8.9625095206e-05 1.6252158446e-03 -3.9043101361e-04 -9.0189385945e-04 -1.0414494807e-03 1.5557976676e-05 -7.2013539738e-04 -9.2430062486e-04 7.6339899258e-04 -2.8304123456e-04 3.9080697794e-04 -5.0724438925e-04 -7.8436696154e-04 -8.2647339983e-04 1.4686901769e-04
2 1.750000 -2.2976911353e-04 6.1862783552e-04 1.7134700052e-03 8.4915941415e-04 -8.3878178502e-05 -1.2024056019e-04 1.7426520810e-03 -5.4737737168e-04 -1.0235183317e-03 -1.3108504105e-03 -2.6040711540e-04 -8.3198815449e-04 -1.2303651758e-03 6.5080061284e-04 -4.1693463930e-04 1.9671570863e-04 -3.4784280149e-04 -6.0125418316e-04 -3.8801978406e-04 6.9204045174e-05
2 1.800000 -1.5861602330e-04 5.3278360376e-04 1.7527224255e-03 9.4323796053e-04 -1.6024101136e-04 -7.5933286822e-05 2.0239163949e-03 -8.3606073017e-04 -1.1702953493e-03 -1.6269247949e-03 -3.5611275055e-04 -8.4062223259e-04 -1.5047514045e-03 4.8954831433e-04 -4.9776939102e-04 6.8347900564e-05 -3.3413553771e-04 -5.6948853901e-04 -1.1776953444e-04 -2.3844305583e-05
2 1.850000 -6.2813252111e-05 3.2213929792e-04 1.7739240536e-03 9.7088496808e-04 -3.7375296180e-04 -1.6074940626e-05 2.2107583714e-03 -1.1616648016e-03 -1.3257241656e-03 -1.7954117359e-03 -4.3338504808e-04 -7.9620137512e-04 -1.6800776380e-03 2.7996209795e-04 -5.1547180325e-04 -5.6559218171e-05 -3.0563972639e-04 -5.4390960204e-04 2.0765161522e-04 -1.7543967950e-04
2 1.900000 5.7959867340e-05 8.2063594820e-05 1.7675733709e-03 9.4960205363e-04 -5.9609922376e-04 9.5434942795e-06 2.2748001539e-03 -1.3201612088e-03 -1.4729728966e-03 -1.7779695348e-03 -4.8834284522e-04 -6.8626489277e-04 -1.7414143657e-03 9.4506675759e-05 -4.7426983576e-04 -2.2996144644e-04 -2.7379717515e-04 -4.9939665696e-04 5.3987485837e-04 -3.3126161118e-04
2 1.950000 1.3671147850e-04 -6.1377552762e-05 1.8258091872e-03 9.0983772903e-04 -6.9630946976e-04 1.3450949028e-05 2.4335410791e-03 -1.2859478721e-03 -1.5739618996e-03 -1.6850945161e-03 -4.4397030429e-04 -5.3961316535e-04 -1.7114343880e-03 2.5678025543e-05 -3.9427378902e-04 -3.0572606886e-04 -3.5701583265e-04 -4.7627999819e-04 6.5356806628e-04 -3.9728846587e-04
2 2.000000 1.7966907094e-04 -8.7738891609e-05 1.7874592992e-03 9.2892632928e-04 -7.3375217985e-04 -8.9613431493e-05 2.4198679392e-03 -1.0948876435e-03 -1.6986636613e-03 -1.4880729635e-03 -5.2684965086e-04 -4.5142573452e-04 -1.7137328327e-03 -6.9586126717e-05 -3.0562850202e-04 -3.5872936478e-04 -2.9207417488e-04 -2.6649308600e-04 9.0242699916e-04 -4.5612502092e-04
2 2.050000 1.0726802888e-04 -4.9771545817e-05 1.7505354465e-03 9.7959525375e-04 -6.7919641014e-04 -1.8695552101e-04 2.4126169950e-03 -8.2451732390e-04 -1.8099594174e-03 -1.2898248933e-03 -5.9658565179e-04 -4.6812565608e-04 -1.7368246823e-03 -1.0492882363e-04 -2.4378932033e-04 -3.1565149044e-04 -2.8959647280e-04 1.7055144444e-06 1.0833799839e-03 -4.2806402692e-04
2 2.100000 -8.4610103672e-05 4.4817080246e-05 1.7370982085e-03 9.9937427664e-04 -5.9459840746e-04 -2.6114151402e-04 2.4706749565e-03 -6.3466657728e-04 -1.9344784109e-03 -1.1908020307e-03 -5.5642770670e-04 -5.9320765506e-04 -1.6940286801e-03 -9.4790791166e-05 -2.1191764008e-04 -1.7806124425e-04 -3.5723403269e-04 2.0802984822e-04 1.0994585465e-03 -3.4153606313e-04
2 2.150000 -3.1179257575e-04 1.3086531688e-04 1.6940763542e-03 9.7073547706e-04 -5.0336464101e-04 -2.6732891470e-04 2.4450652084e-03 -5.3696601182e-04 -2.0643392442e-03 -1.1660747864e-03 -5.1148674878e-04 -7.7768753044e-04 -1.6247910777e-03 -1.1809983561e-04 -2.3254133203e-04 -1.9094719580e-05 -4.2845204257e-04 4.1811750363e-04 1.1481256463e-03 -2.6462515374e-04
2 2.200000 -5.0034984562e-04 1.7843013145e-04 1.6544062481e-03 8.9443856865e-04 -3.8611237857e-04 -2.0646799519e-04 2.4411578293e-03 -4.9414032247e-04 -2.2012430596e-03 -1.2674837585e-03 -4.1689881857e-04 -9.5302952055e-04 -1.6029225624e-03 -2.1482756548e-04 -3.0654201011e-04 7.3338190866e-05 -5.5250753976e-04 6.1541301593e-04 1.2138015944e-03 -2.2784629841e-04
2 2.250000 -5.9923284693e-04 2.0999267013e-04 1.6857838933e-03 7.9367807042e-04 -2.4013743511e-04 -9.5996965312e-05 2.6452334103e-03 -4.8346911147e-04 -2.3025206966e-03 -1.5186625707e-03 -2.7551276965e-04 -1.1415309040e-03 -1.7225001391e-03 -3.7346505795e-04 -4.5168530288e-04 1.3607135385e-04 -7.7366423212e-04 7.7100698008e-04 1.2178432526e-03 -2.1905848027e-04
2 2.300000 -5.7132086919e-04 2.4687231715e-04 1.7783492084e-03 7.4224761012e-04 -1.0119349030e-04 -2.8269493038e-05 2.9565632495e-03 -4.5898747275e-04 -2.4280895112e-03 -1.8418361255e-03 -1.8506127780e-04 -1.3836478042e-03 -1.9832839421e-03 -6.0443193563e-04 -6.2088615686e-04 4.1856630260e-05 -9.3073134831e-04 9.6632392796e-04 1.3033220003e-03 -2.6421843278e-04
2 2.350000 -4.5326300644e-04 2.7321824487e-04 1.9430564207e-03 7.8622283180e-04 3.1469982543e-05 8.1148933642e-06 3.2841269103e-03 -3.6092613884e-04 -2.5704154853e-03 -2.1087893906e-03 -2.2391937014e-04 -1.6752681681e-03 -2.3034376423e-03 -8.3837917902e-04 -7.6143138047e-04 -1.7045787641e-04 -9.7718625397e-04 1.2341822027e-03 1.5071994484e-03 -3.1883846965e-04
2 2.400000 -3.2820785120e-04 2.9429989229e-04 2.1719243115e-03 9.1695668769e-04 1.4695418559e-04 1.0465933785e-05 3.5319037578e-03 -2.4307943566e-04 -2.7528778232e-03 -2.2684540086e-03 -3.5055971519e-04 -1.9079930625e-03 -2.5405743331e-03 -9.9435966371e-04 -7.9725872998e-04 -4.4146426304e-04 -8.8200553226e-04 1.5132482747e-03 1.7992723474e-03 -3.4110141735e-04
2 2.450000 -2.5108034613e-04 3.1931773799e-04 2.4054513663e-03 1.0723136600e-03 2.5194087145e-04 3.1735566713e-05 3.6393672876e-03 -1.4862084832e-04 -2.8907012052e-03 -2.2926651564e-03 -4.8064829168e-04 -1.9781830695e-03 -2.6482892826e-03 -1.0375587391e-03 -7.1825061943e-04 -6.1210365931e-04 -7.5007571510e-04 1.7269257911e-03 2.1115460846e-03 -2.9829450487e-04
2 2.500000 -2.1057186182e-04 3.6859010378e-04 2.5963340044e-03 1.1882040980e-03 3.1382702543e-04 7.7770757811e-05 3.5951076204e-03 -1.6313131821e-04 -2.9341868380e-03 -2.2291202873e-03 -5.4567779519e-04 -1.8540122778e-03 -2.6563747928e-03 -9.9605437449e-04 -5.9652630836e-04 -5.9700322012e-04 -6.3809907879e-04 1.8281710493e-03 2.4135994261e-03 -1.9804034614e-04
2 2.550000 -1.5530602722e-04 4.1899858415e-04 2.6994575498e-03 1.2420480401e-03 2.9503389968e-04 1.2790911175e-04 3.3993805917e-03 -2.9653830799e-04 -2.8672981421e-03 -2.1409677938e-03 -5.5902298032e-04 -1.6068538391e-03 -2.6353317287e-03 -9.5831056865e-04 -4.9779872119e-04 -4.8093795946e-04 -5.5213766684e-04 1.8628421898e-03 2.7200306158e-03 -9.7122822916e-05
2 2.600000 -6.2022748817e-05 4.2015910431e-04 2.7526092221e-03 1.2386055734e-03 1.8178354361e-04 1.7899822030e-04 3.1631662556e-03 -5.2632916649e-04 -2.7228882684e-03 -2.1190390674e-03 -5.7120671603e-04 -1.3582335708e-03 -2.6258455068e-03 -9.6974345205e-04 -4.3708920571e-04 -4.0278430978e-04 -4.9144279395e-04 1.8795827008e-03 2.9984898841e-03 -2.7853249147e-05
2 2.650000 5.1036048651e-05 3.7260768931e-04 2.8244166719e-03 1.1975371649e-03 -1.5268486802e-05 2.3254765480e-04 3.0584293367e-03 -7.9953556467e-04 -2.5785154180e-03 -2.2191239545e-03 -6.0335801728e-04 -1.2070104987e-03 -2.6403698286e-03 -1.0091084108e-03 -3.7597642154e-04 -4.1530126696e-04 -4.7665842933e-04 1.8816408440e-03 3.1906650019e-03 2.1305926730e-05
2 2.700000 1.4670545922e-04 3.3928449758e-04 2.9109275421e-03 1.1332828660e-03 -2.7668052261e-04 2.7589217557e-04 3.1573087215e-03 -1.0295630800e-03 -2.5094854979e-03 -2.3848511884e-03 -6.4867477570e-04 -1.1807625031e-03 -2.6774966405e-03 -1.0342193755e-03 -2.9601902850e-04 -4.6696195200e-04 -4.9911070760e-04 1.8676029953e-03 3.2882679984e-03 7.1205044556e-05
2 2.750000 1.8126911326e-04 3.6584345584e-04 2.9049953125e-03 1.0346873285e-03 -5.5695775554e-04 2.7864268111e-04 3.3354760259e-03 -1.1262036898e-03 -2.5277797852e-03 -2.4909448133e-03 -6.8004135945e-04 -1.2171251471e-03 -2.7013429417e-03 -9.9902586271e-04 -2.0411704579e-04 -5.1671066918e-04 -5.1512499709e-04 1.8386741188e-03 3.3061269994e-03 1.1600131641e-04
2 2.800000 -1.3082256077e-05 4.0105444418e-04 2.7228537861e-03 9.6989337709e-04 -6.5371646821e-04 4.2216991158e-04 3.1018100562e-03 -1.2681398025e-03 -2.5472159019e-03 -2.1332332586e-03 -8.7324478524e-04 -1.1915815068e-03 -2.6167849269e-03 -9.9768317895e-04 -2.8267062474e-04 -6.4552271358e-04 -1.7183737319e-04 2.2469267828e-03 3.6238046746e-03 2.8813442902e-04
2 2.850000 1.4369727123e-04 3.1917788784e-04 2.2404182843e-03 7.0991081841e-04 -9.9779831129e-04 1.1806878845e-04 2.7504828417e-03 -1.0578559973e-03 -2.4692165948e-03 -2.1152229065e-03 -1.0423698902e-03 -1.3482762399e-03 -2.2469402623e-03 -9.2156394468e-04 -2.0955664178e-04 -7.6197328171e-04 -3.2842462468e-04 1.7824520413e-03 3.2038546547e-03 5.0113550230e-05
2 2.900000 2.2759671432e-04 3.4098153328e-04 1.5451509023e-03 7.4875524628e-04 -7.3426441177e-04 2.3680833006e-04 2.7344290613e-03 -4.1067389760e-04 -2.6257341864e-03 -1.8384443254e-03 -1.0024705770e-03 -1.6130565582e-03 -2.4380178690e-03 -1.7597725614e-03 -2.4728515770e-04 -6.2436463721e-04 5.8820403986e-04 1.8328444672e-03 3.7407825160e-03 8.4341248798e-05
2 2.950000 -9.6879076806e-04 3.0612602725e-04 2.0608740049e-03 1.3256275048e-03 2.8678152903e-04 4.9538526202e-04 2.1750647344e-03 -8.4829236030e-04 -2.3068087265e-03 -1.9321820450e-03 -8.3100287210e-04 -1.5820458025e-03 -1.6633198147e-03 -2.2695940880e-04 -1.2565645744e-05 -1.6967221519e-03 1.1885035048e-04 2.0123962398e-03 2.6949446687e-03 2.4153277934e-04
2 3.000000 2.3150592733e-04 -9.9397820899e-05 1.7256713736e-04 -5.9013505799e-04 -3.2096850067e-04 2.0144281850e-04 2.6516487535e-03 6.7016111419e-05 -1.1666470451e-03 -1.5544591508e-03 9.4996908943e-06 -4.8963444544e-05 -1.1164667589e-03 6.6884888605e-04 2.3820386371e-05 -5.5763596760e-04 -1.1427184132e-03 1.6134286436e-04 1.1127935169e-03 5.6466846422e-05
3 0.000000 5.8805672882e-03 2.0916914281e-03 -6.3660692617e-03 1.5069654421e-02 8.2267354216e-04 -4.7753980796e-03 -9.7635720140e-03 -4.3545871927e-03 -4.6333784831e-03 -2.6289281077e-02 -9.3394936755e-03 1.9751025658e-02 1.0830505067e-02 -2.1817177002e-03 -1.9139520786e-02 6.2926823287e-04 -8.5208300615e-03 3.9221540905e-06 7.0463179513e-03 -7.9421442851e-03
3 0.050000 5.4191130789e-03 5.5534566038e-04 -8.0800011673e-03 1.9324049874e-02 1.3097411414e-03 -6.3767402073e-03 -1.3531869467e-02 -5.7230839531e-03 -5.5230422116e-03 -3.0100435854e-02 -4.3465677698e-03 1.7655918962e-02 9.8997015324e-03 -3.2799130227e-04 -3.5186766895e-03 -1.9481311365e-03 -2.3954027763e-03 8.3923287932e-04 -1.5486823002e-04 2.4147170542e-03
3 0.100000 3.9619436793e-03 8.6130310541e-04 -5.5259556915e-03 1.3318520620e-02 1.1406536798e-03 -3.8595010156e-03 -8.4460938115e-03 -3.3057873206e-03 -2.8913737260e-03 -1.7253044927e-02 2.4870960362e-04 5.8601833575e-03 2.9867860695e-03 4.9765121914e-04 6.0760337893e-04 2.2925286880e-04 -7.1883809891e-04 -6.6175643920e-04 -8.7960288502e-04 2.3975000227e-04
3 0.150000 1.4558388674e-03 -2.6286557441e-04 -3.4923144947e-03 9.1532519179e-03 1.3881978399e-03 -2.7410607559e-03 -5.8126882979e-03 -1.3558133628e-03 -1.2116067089e-03 -7.0515721282e-03 6.3340651234e-03 -3.2164200539e-03 -2.3865603024e-03 1.2924471422e-03 9.1919118687e-03 2.1273609346e-04 2.6801075176e-03 -3.8520944262e-04 -2.8998353512e-03 2.3631328017e-03
3 0.200000 -7.3436201208e-04 -7.1585069663e-04 -4.8784381820e-04 2.6230662786e-03 1.2233264444e-03 -6.1709793140e-04 -1.4636014025e-03 1.2329141840e-03 1.4145300279e-03 5.8373981435e-03 1.0643699974e-02 -1.2994277885e-02 -7.6295704384e-03 1.1866002978e-03 1.1663777590e-02 1.0523733495e-03 4.0322068394e-03 -5.4602062099e-04 -2.7916796466e-03 1.4464976421e-03
3 0.250000 -8.2496195328e-04 -6.3291267797e-04 1.3958823047e-04 1.7206116363e-03 1.1167205993e-03 -6.9962225776e-05 -6.0438495092e-04 2.1912939972e-03 2.2157227625e-03 8.8929523448e-03 1.0689649132e-02 -1.3968778464e-02 -7.8714463852e-03 3.0755547021e-04 6.9255320220e-03 1.1428396716e-03 2.6245417983e-03 -2.8078587331e-04 -5.5028109845e-04 -4.7151717858e-04
3 0.300000 8.0676251179e-04 -2.0877018655e-04 -1.8198973606e-03 6.5781696570e-03 1.0927866352e-03 -1.0914755287e-03 -3.0004046507e-03 9.8308617281e-04 1.4583117856e-03 2.5342592673e-03 7.7050308139e-03 -8.2658502896e-03 -4.4501881499e-03 -9.0108598617e-04 -4.6504516657e-04 6.9358435132e-04 -2.6263441599e-04 1.1407971613e-04 2.0605003380e-03 -2.1193003421e-03
3 0.350000 6.9680237847e-05 -7.0202618169e-04 -1.4353879490e-03 5.4909734051e-03 1.2351884410e-03 -1.0609382570e-03 -2.5175253211e-03 1.1722049782e-03 2.1918432589e-03 4.3214347239e-03 8.7505727165e-03 -1.0112594357e-02 -5.3568871429e-03 -8.5977375934e-04 1.3473597176e-03 -1.1468212703e-04 9.0500898487e-04 6.4661815675e-04 1.1900514432e-03 -7.1417331006e-05
3 0.400000 -1.6237869995e-03 -1.1523074433e-03 1.0165620517e-03 -2.3307121636e-04 8.9870706381e-04 6.8623798040e-04 8.0528428224e-04 2.6754711334e-03 3.6844780196e-03 1.2180689907e-02 9.9351187822e-03 -1.4928558045e-02 -7.5418044426e-03 -8.2285155112e-04 1.5400556327e-03 -1.2222922564e-04 1.7168421098e-03 8.3049361298e-04 1.3806566150e-03 6.4219890908e-05
3 0.450000 -3.3576431302e-04 -8.6536594740e-04 2.2098490620e-04 1.9455038571e-03 2.4817174845e-04 1.0345896220e-03 5.2522587841e-04 1.9849993140e-03 2.7902506428e-03 8.5272204756e-03 5.9316263953e-03 -9.7652805884e-03 -4.3276958241e-03 -1.5066764970e-03 -5.0664497272e-03 -1.8767380043e-04 -8.2368483206e-04 8.5369152677e-04 3.0733043296e-03 -1.5801957700e-03
3 0.500000 1.5879868160e-03 -5.9514960522e-04 -1.7908145640e-03 6.7533735827e-03 -1.6223860571e-04 5.0446139055e-04 -1.1011709983e-03 5.4750665754e-04 1.3711431682e-03 1.5169651849e-03 1.8883054915e-03 -3.0775909032e-03 -6.3790500307e-04 -1.7356258171e-03 -8.6713639648e-03 -6.5183612197e-04 -2.2432889233e-03 9.3051102458e-04 2.6253590320e-03 -1.0987947717e-03
3 0.550000 2.9791575420e-03 -2.6041437237e-04 -3.3171740343e-03 1.0503598168e-02 -5.0455630993e-04 3.6717418522e-04 -1.7210817301e-03 -4.3222380707e-04 4.1272735081e-04 -2.6954570733e-03 -1.0408572611e-03 1.5899656557e-03 1.9433156353e-03 -2.0010412012e-03 -1.0884712919e-02 -8.2848362029e-04 -3.0990311595e-03 7.1383216936e-04 1.6955507248e-03 -5.1238031611e-04
3 0.600000 3.0198784500e-03 -1.1440344441e-04 -3.5137624601e-03 1.0907401654e-02 -5.7812727988e-04 7.8550060096e-04 -7.4572121768e-04 -4.2456142958e-04 3.7269056974e-04 -1.9643000994e-03 -1.7125352880e-03 2.1139544659e-03 2.2425798679e-03 -1.8530901953e-03 -1.0019361495e-02 -7.4595750166e-04 -2.4870900762e-03 4.3246980009e-04 -2.2773287722e-05 7.2368017495e-04
3 0.650000 4.6884367209e-03 4.0183382395e-04 -5.3556162171e-03 1.5458452666e-02 -8.1859991740e-04 8.4564672237e-04 -5.0058608066e-04 -8.6425364961e-04 -5.2502317752e-04 -4.4166274238e-03 -4.6283644187e-03 6.2914497978e-03 4.4982098332e-03 -2.2553323369e-03 -1.3164585549e-02 -5.2614769171e-04 -3.6238721977e-03 -1.6555487753e-04 -7.1165473257e-04 6.8973801243e-04
3 0.700000 6.2169357524e-03 8.1366499539e-04 -7.1049953895e-03 1.9826602981e-02 -9.3636002374e-04 8.3686342802e-04 1.2408221633e-04 -9.9014915892e-04 -1.2254209474e-03 -5.6851084689e-03 -6.7811654700e-03 9.2593448092e-03 5.6750064720e-03 -2.1260724723e-03 -1.3572095698e-02 -5.2326974361e-04 -3.5578582853e-03 -8.0189259931e-04 -2.7253057645e-03 1.7456561068e-03
3 0.750000 5.4268195283e-03 7.5348006113e-04 -6.0469456182e-03 1.7709865030e-02 -7.5406844205e-04 1.6333703564e-03 2.6630659604e-03 3.2136549087e-04 -6.1157891389e-04 -1.1850363810e-04 -5.9020641465e-03 6.4492132791e-03 3.5650789077e-03 -1.2255653655e-03 -9.8883548352e-03 -4.4904891320e-04 -1.7454747510e-03 -1.2826489611e-03 -4.8266186360e-03 2.7268950095e-03
3 0.800000 1.0954324191e-02 1.2770187069e-03 -1.1397109068e-02 3.1485973660e-02 -1.7476143098e-03 1.2671738793e-03 3.5645457610e-03 -5.1971701288e-04 -2.7096957023e-03 -5.9535832228e-03 -1.3572224798e-02 1.6952921131e-02 8.5372904585e-03 -1.6132586772e-03 -1.6721359411e-02 -5.4053529608e-04 -4.5333613555e-03 -2.5416927503e-03 -5.3441173621e-03 1.4042779691e-03
3 0.850000 1.0130683590e-02 9.3872882029e-04 -1.0237897473e-02 2.9868244541e-02 -1.8612546870e-03 1.9235967730e-03 7.4593338135e-03 8.2862523497e-04 -1.7792851254e-03 1.0449669086e-03 -1.3148077757e-02 1.4164922423e-02 6.1169831982e-03 1.3860277282e-04 -9.4835655207e-03 -6.4183018872e-04 -1.6632385658e-03 -3.2285394382e-03 -8.3244310415e-03 2.7621581819e-03
3 0.900000 1.4535884581e-02 5.9523954379e-04 -1.4471672785e-02 4.0596706368e-02 -3.3834774761e-03 2.6503030568e-03 1.2158881849e-02 7.5334211213e-04 -2.9697955657e-03 1.7685683137e-03 -1.9940935539e-02 2.0719382383e-02 9.0343176362e-03 6.5856066754e-04 -1.1195374166e-02 -2.0546386913e-04 -2.7569020190e-03 -4.8322911411e-03 -8.8086493352e-03 1.6477639919e-03
3 0.950000 1.4924510676e-02 1.0583658163e-04 -1.4679624787e-02 4.1180544543e-02 -4.5814020236e-03 4.0047129585e-03 1.8492166171e-02 1.5377571861e-03 -2.5308821494e-03 9.2578171473e-03 -2.2392113159e-02 1.9895788754e-02 7.8815623740e-03 2.3497918421e-03 -3.2337665074e-03 4.5972930548e-04 -6.7772826479e-05 -5.8266994357e-03 -9.8392516044e-03 2.1188206995e-03
3 1.000000 -9.8643699500e-03 -3.7833230810e-04 1.0393122009e-02 -2.0564409446e-02 3.0460081522e-04 4.5930508136e-03 1.7378210948e-02 6.3159212756e-03 4.8112382628e-03 3.4315320204e-02 3.0551689822e-03 -1.5180136695e-02 -9.3361462173e-03 4.9695677320e-03 2.7354842307e-02 1.5988673478e-03 9.5955241198e-03 -2.3023326930e-03 -3.2382680572e-03 2.0184493950e-03
3 1.050000 -6.2406278222e-03 -6.8386335527e-04 6.3576621693e-03 -1.3382993908e-02 -7.3895404376e-04 4.7447647057e-03 1.5902813165e-02 3.9863230240e-03 2.7357706158e-03 2.5660095577e-02 -1.7789578096e-03 -8.5660507461e-03 -4.9824489993e-03 3.7089710339e-03 2.0397279615e-02 2.2826914491e-03 5.7891270678e-03 -1.4998879160e-03 2.0190331620e-03 -3.6643873818e-04
3 1.100000 1.4779603653e-02 -1.0056525133e-03 -1.4115782087e-02 3.5151920461e-02 -7.1732906699e-03 8.1619340232e-03 2.6928474494e-02 1.3053540162e-03 -1.7252698669e-03 2.0419168200e-02 -2.3897719218e-02 1.3547835284e-02 4.5980568681e-03 3.6176098005e-03 9.7698771716e-03 2.5572149566e-03 2.2069393643e-03 -2.2935753451e-03 -2.7039723465e-03 -9.9998233318e-06
3 1.150000 7.3500729162e-03 -5.8026271430e-04 -6.7008099399e-03 1.5784241134e-02 -5.7672472501e-03 8.9354646477e-03 2.7385992837e-02 2.1103457735e-03 7.6983519640e-04 2.9462233907e-02 -1.7925289173e-02 4.1225527937e-03 -5.3441614004e-04 4.8725488551e-03 2.3323404472e-02 2.2730084487e-03 5.1336272485e-03 1.4356017897e-03 7.1834105691e-04 -7.3285773499e-04
3 1.200000 -1.3198809576e-02 -2.8283190757e-04 1.2188152700e-02 -3.2683664165e-02 7.2579644888e-04 4.4730142841e-03 1.0570382040e-02 1.1309650158e-03 3.3144628992e-03 2.1634772769e-02 1.4773731273e-03 -1.1395983012e-02 -6.0409392916e-03 4.4626139657e-03 3.1502226937e-02 1.1062536701e-03 6.0668480795e-03 6.2506262195e-03 1.1155605499e-02 -3.7359794461e-03
3 1.250000 -1.4027665372e-02 -8.5578273197e-04 1.3117386196e-02 -3.5229733873e-02 1.4290848812e-03 2.7501412889e-03 3.7076708597e-03 -9.7215099228e-05 2.0518339414e-03 1.0922077617e-02 4.7760520212e-03 -1.1263996591e-02 -4.8622782770e-03 3.3405500263e-03 2.3885172675e-02 2.0054191669e-04 4.9934034839e-03 6.7061148207e-03 1.1907800635e-02 -4.7564233927e-03
3 1.300000 -1.3235321949e-02 -6.3762618049e-04 1.2451975883e-02 -3.3570816241e-02 2.0992493860e-03 7.5730433744e-04 -2.2340878123e-03 -9.2627908787e-04 1.1211645587e-03 2.2262243352e-03 6.5448680514e-03 -9.4197238767e-03 -3.5580362732e-03 2.3396449197e-03 1.6651996873e-02 -7.8879500437e-04 3.9671990396e-03 6.1190693909e-03 1.0665499719e-02 -4.3375858762e-03
3 1.350000 -1.2793483270e-02 -2.5196046870e-04 1.1833825649e-02 -3.2222675827e-02 3.0452082737e-03 -1.4129511573e-03 -8.3368407007e-03 -1.5796453729e-03 2.1944047343e-04 -6.7386648176e-03 7.9544510898e-03 -6.6415994650e-03 -1.8091485540e-03 1.2504358581e-03 9.9552146164e-03 -1.4588814460e-03 2.4310654332e-03 5.0483124635e-03 9.7630376079e-03 -3.4910866893e-03
3 1.400000 -4.1548084327e-03 -1.1323832152e-03 4.8984651138e-03 -1.3807877825e-02 7.3247951486e-06 2.0087843562e-03 1.1934793239e-03 6.0830384678e-04 3.5380833656e-04 3.6829925784e-03 2.8516786016e-03 -6.5453006646e-03 -2.9615343385e-03 1.1343004664e-03 7.0346765464e-03 -8.4802878708e-04 3.3580580125e-03 2.3595088493e-03 2.7918627937e-03 -1.6429177556e-03
3 1.450000 -6.6597361503e-03 -7.2883736326e-04 5.6109180057e-03 -1.7705368020e-02 1.5991031858e-03 -3.8131485400e-04 -5.8488057913e-03 -4.4693444912e-04 5.2280219676e-04 -4.6181221136e-03 5.1873722010e-03 -4.0564661676e-03 -1.4871628319e-03 2.1196468607e-04 4.2362610302e-03 -1.4439765697e-03 1.6400261493e-03 2.0864157465e-03 3.7555690580e-03 -4.3887734101e-04
3 1.500000 -7.4566429854e-03 -3.8274845872e-04 6.2707192551e-03 -1.9082076600e-02 2.4035778909e-03 -2.5246420848e-03 -1.1160422136e-02 -1.5722670953e-03 8.3800187946e-06 -1.3210731865e-02 5.6278109557e-03 -5.3830928390e-04 7.7106617461e-04 -6.2934131467e-04 4.9705413227e-04 -1.4191815970e-03 -1.2972745570e-04 1.9911364856e-03 4.6559313868e-03 -5.5104344312e-04
3 1.550000 -7.2087024492e-03 9.3655941150e-05 6.0238526024e-03 -1.7651514543e-02 2.7613458884e-03 -4.0382247268e-03 -1.4097811323e-02 -2.6056332719e-03 -5.5874367262e-04 -1.9069202326e-02 4.7972645230e-03 3.0540554333e-03 2.9200794564e-03 -1.0888579828e-03 -2.5682685670e-03 -1.3790692970e-03 -1.7004109382e-03 1.9289014820e-03 5.2293130067e-03 -8.0045876851e-04
3 1.600000 -3.0026978094e-03 -2.5108827073e-04 3.6203324277e-03 -9.4735894550e-03 8.1683175572e-04 -1.5191882088e-03 -5.8284282417e-03 -7.9967473901e-04 3.3608207634e-05 -7.9807898506e-03 2.2706188734e-03 6.8718884019e-04 8.2210018079e-04 -8.6026729271e-04 -1.5749772390e-03 -4.6257859396e-04 -5.8689024234e-04 9.2123952022e-04 1.8287510558e-03 -7.0231505931e-04
3 1.650000 -1.2037979164e-03 -4.5481895141e-04 2.1154042580e-03 -5.1406700350e-03 -1.2374161720e-04 -9.9151074194e-05 -1.4462383697e-03 8.4627078372e-05 6.4508504209e-04 -1.2081741489e-03 1.5959397697e-03 -1.1511932698e-03 -6.9753318342e-04 -5.4700073142e-04 1.5617370306e-04 -8.2647017903e-05 1.9113276240e-04 3.6804480968e-04 -5.0434308906e-05 7.5218961396e-05
3 1.700000 -4.1180087771e-04 -4.4202952566e-04 1.6625798250e-03 -3.6071004292e-03 -4.9976537771e-04 4.0302357744e-04 4.9034700609e-04 5.0473161374e-04 7.8625353277e-04 1.9392476548e-03 1.5495422036e-03 -2.2552510191e-03 -1.4204848340e-03 -3.8414623949e-04 8.4948836557e-04 2.8081088795e-04 4.7644776286e-04 8.8405762639e-05 -8.8276019849e-04 2.0794688002e-04
3 1.750000 -9.1714533048e-05 -3.2454452602e-04 1.4191397891e-03 -3.1618023067e-03 -5.1748867492e-04 4.3618968188e-04 1.1697655248e-03 6.6234062896e-04 7.8788936319e-04 3.2800661296e-03 1.7797549081e-03 -2.8843176563e-03 -1.7478764876e-03 -2.4600837320e-04 1.1818774227e-03 5.1338798035e-04 4.9701674701e-04 -1.4061683690e-04 -1.3246733630e-03 2.8706682792e-04
3 1.800000 -2.2708698067e-04 -8.4969053512e-05 1.3093564503e-03 -3.5502255774e-03 -1.5605037436e-04 -1.7108726835e-04 1.4781990946e-04 4.1757865124e-04 5.9142971560e-04 1.8159910794e-03 2.0893416583e-03 -2.4369309986e-03 -1.3819246257e-03 -1.6972262883e-04 7.9783843448e-04 5.1070416879e-04 1.2890834211e-04 -2.7402587979e-04 -1.1617146871e-03 3.3443519504e-04
3 1.850000 -6.7289831536e-04 2.6666844539e-04 1.3301829704e-03 -4.3399602480e-03 4.5141911831e-04 -1.3673811314e-03 -2.4338273395e-03 -2.2149421675e-04 1.1172261045e-04 -2.5313681953e-03 2.2187658634e-03 -6.7985028815e-04 -2.4073407042e-04 -2.2865319156e-04 -5.2945985842e-04 2.7905699455e-04 -6.0344847471e-04 -2.5678648390e-04 -3.4606697595e-04 2.6530699219e-04
3 1.900000 -1.2773259448e-03 6.6805628133e-04 1.5008728801e-03 -5.0785668286e-03 1.0416396295e-03 -2.7183456944e-03 -5.6463508634e-03 -1.0492172103e-03 -6.8932159852e-04 -8.2863699764e-03 1.9325958486e-03 2.0239567385e-03 1.4995651130e-03 -3.9642547994e-04 -2.7570396132e-03 -6.0250906434e-05 -1.5661817591e-03 -5.6973157253e-05 9.5626262968e-04 -1.6070162040e-04
3 1.950000 -1.3315741920e-03 8.3331521380e-04 1.6712838279e-03 -5.0370397366e-03 1.0075579569e-03 -3.0527886207e-03 -6.2747620040e-03 -1.1353462607e-03 -1.2394401593e-03 -9.6933917332e-03 1.4141130937e-03 3.0124992525e-03 2.1266523223e-03 -6.5152783615e-04 -4.2857851135e-03 -1.3633424236e-04 -1.9789882717e-03 5.7485031081e-05 1.4590265162e-03 -6.5201312325e-04
3 2.000000 -1.0106083923e-03 7.1272252736e-04 1.5560670162e-03 -4.2501171745e-03 5.7685028468e-04 -2.5210841025e-03 -4.6873103652e-03 -6.9384124552e-04 -1.2706471205e-03 -7.1101933063e-03 1.2290973384e-03 2.0477015903e-03 1.4824728639e-03 -8.6390547414e-04 -4.0118735749e-03 -1.3200477446e-04 -1.6984980758e-03 3.9541205123e-05 9.1112126175e-04 -4.1816083920e-04
3 2.050000 -9.6746578363e-04 5.8463448423e-04 1.3488739329e-03 -3.6402521883e-03 3.9027285515e-04 -2.2666123527e-03 -4.1034541543e-03 -6.1383804373e-04 -1.3063555141e-03 -6.0883261944e-03 1.2220886069e-03 1.7911744739e-03 1.3233033527e-03 -9.6159706695e-04 -3.6319047167e-03 -3.5414139437e-04 -1.5839310870e-03 1.0649809471e-04 6.1335685359e-04 4.5454576378e-05
3 2.100000 -1.0259542018e-03 5.1064480655e-04 1.3988017482e-03 -3.5775419565e-03 3.2608375520e-04 -2.1697154755e-03 -4.1290943201e-03 -6.2547557626e-04 -1.3653555105e-03 -5.9337446338e-03 1.0451265671e-03 2.1444835459e-03 1.5334360785e-03 -1.0042681808e-03 -4.0884412010e-03 -5.6401734724e-04 -1.7311357396e-03 1.1019110269e-04 6.6177715992e-04 -2.0354492968e-05
3 2.150000 -7.6249152520e-04 3.3154711978e-04 1.5151808950e-03 -3.5480291363e-03 1.4712472768e-04 -1.6283904372e-03 -2.8583399101e-03 -2.6106635955e-04 -9.4436695177e-04 -3.3800586559e-03 1.0361462492e-03 1.1780030046e-03 7.3182862256e-04 -9.5807972081e-04 -3.8048614916e-03 -6.0216964847e-04 -1.4316536000e-03 -2.2643800845e-04 -4.2509744849e-05 1.1897716104e-04
3 2.200000 -5.4140517261e-04 1.3507934858e-04 1.4802337819e-03 -3.4151656734e-03 1.7380771966e-04 -1.0840919969e-03 -1.8406147474e-03 -7.9005747881e-05 -4.5443291404e-04 -1.2860020827e-03 1.1841861386e-03 1.8805429061e-04 -6.2086434168e-05 -6.5266528510e-04 -2.9860824981e-03 -6.7943996961e-04 -1.0161895916e-03 -6.0258779119e-04 -9.1475142227e-04 6.5280603837e-04
3 2.250000 -4.2961181580e-04 -2.7748143256e-05 1.5367980543e-03 -3.5612575567e-03 2.7672147813e-04 -6.6157663102e-04 -1.4553388589e-03 -6.9407488422e-05 -2.4625180804e-04 -3.8910131946e-04 1.1605490871e-03 -2.3655248937e-04 -3.5125065495e-04 -3.1885142933e-04 -2.8765494486e-03 -5.7056585617e-04 -9.6265574798e-04 -8.3141662844e-04 -1.3242917393e-03 7.7035850670e-04
3 2.300000 -1.2415435483e-04 -2.9839306380e-04 1.5246061185e-03 -3.6213067237e-03 2.0395710982e-04 -1.3831038089e-04 -5.5252241658e-04 8.6432594622e-05 5.3886971227e-05 1.2530735430e-03 1.2671495010e-03 -1.3282700242e-03 -1.0640580298e-03 -1.6119372407e-04 -2.4138417777e-03 -2.2479093351e-04 -7.5738960955e-04 -1.0634144459e-03 -1.9776377365e-03 1.1281546911e-03
3 2.350000 -2.0462043495e-05 -4.3571203476e-04 1.2871574442e-03 -3.5078567461e-03 1.4213052976e-04 2.0843865413e-04 -2.1787592566e-04 6.9328812467e-05 2.3432265484e-04 1.7594417384e-03 1.3664610654e-03 -1.8390722450e-03 -1.2827341981e-03 4.3776335967e-05 -2.0921371807e-03 6.7160442037e-05 -5.7126847776e-04 -1.1058179042e-03 -2.2824069615e-03 1.4107384517e-03
3 2.400000 4.7287813557e-05 -4.5158157737e-04 1.0531200445e-03 -3.4998770977e-03 3.1208186837e-05 2.4435295483e-04 -2.0612942275e-04 -3.7489734788e-05 3.3868962343e-04 1.6223725783e-03 1.4620455708e-03 -2.0129474312e-03 -1.3824499921e-03 -4.3034853088e-05 -2.2957502060e-03 3.8715247549e-04 -5.1808736962e-04 -1.2040690051e-03 -2.4222318034e-03 1.4278024387e-03
3 2.450000 3.7294113098e-05 -2.4899058514e-04 7.6253201050e-04 -3.4901405031e-03 7.1493391148e-06 3.8550436737e-05 -4.9159162677e-04 -1.7879499250e-04 3.8693115263e-04 9.6073874757e-04 1.5765061098e-03 -1.8366554249e-03 -1.3385236499e-03 -1.8163017840e-04 -2.6581992027e-03 5.4745099369e-04 -4.2583196404e-04 -1.3116094681e-03 -2.5054491033e-03 1.3700950753e-03
3 2.500000 -1.2617911423e-05 5.8155074771e-05 5.0529238584e-04 -3.4828115399e-03 1.0133744981e-04 -4.2940571604e-04 -1.3131467945e-03 -4.3417655775e-04 2.7841529689e-04 -6.4602231377e-04 1.6287297981e-03 -1.1061361643e-03 -1.0317772418e-03 -3.8580035707e-04 -3.2461277788e-03 5.6476053049e-04 -4.8529864675e-04 -1.4234644915e-03 -2.4448628682e-03 1.2262749078e-03
3 2.550000 -1.2397233184e-04 3.8189917172e-04 3.3709394683e-04 -3.4250823210e-03 2.8919692087e-04 -1.0015848853e-03 -2.6446050979e-03 -7.5490387277e-04 -2.4329737110e-05 -3.1674067038e-03 1.4789387906e-03 2.3390611087e-04 -2.8351020734e-04 -5.4175815674e-04 -4.1223700540e-03 4.4505527430e-04 -7.5563108033e-04 -1.4084948509e-03 -2.0866119465e-03 8.9800884411e-04
3 2.600000 -2.3732115697e-04 6.5124908258e-04 3.7786061693e-04 -3.4293691165e-03 3.8443545079e-04 -1.3650729905e-03 -3.7149692046e-03 -9.4418646076e-04 -3.6819744355e-04 -5.2403243893e-03 1.1053478121e-03 1.5274326028e-03 5.6527577567e-04 -6.6298364047e-04 -5.1684316251e-03 3.3131153141e-04 -1.1256605568e-03 -1.2181817136e-03 -1.4930721808e-03 1.9114511656e-04
3 2.650000 -2.2472326193e-04 7.0225072632e-04 5.1341719578e-04 -3.4048002090e-03 2.7989860246e-04 -1.3131887446e-03 -3.6510817316e-03 -8.1433628839e-04 -4.5390982338e-04 -5.3352887175e-03 8.1752739886e-04 1.6934891929e-03 7.8365733782e-04 -8.1306318857e-04 -5.4789702803e-03 2.5846219409e-04 -1.1586341481e-03 -9.9217468815e-04 -1.1977694737e-03 -3.0346140003e-04
3 2.700000 -1.7422089639e-04 5.9932347921e-04 5.1087471409e-04 -3.2234290948e-03 1.6143261670e-04 -1.0043980318e-03 -2.9762763944e-03 -5.2000268961e-04 -3.4286472984e-04 -4.3936001432e-03 7.2517276363e-04 1.1306927152e-03 6.6247402785e-04 -8.4899027924e-04 -4.9104056776e-03 1.4615913849e-04 -8.1271832327e-04 -7.1348090167e-04 -1.1871506935e-03 -2.7015147315e-04
3 2.750000 -1.6139446866e-04 4.3854738752e-04 3.9557019639e-04 -3.0496029996e-03 1.2943027402e-04 -7.4561857289e-04 -2.4289815054e-03 -3.1216459521e-04 -2.6041165661e-04 -3.7447033574e-03 6.8344196314e-04 6.5959552814e-04 6.2138546075e-04 -8.3943923504e-04 -4.3394468748e-03 7.7895711833e-05 -5.3724491600e-04 -4.1889701709e-04 -1.1406623949e-03 -1.3719040574e-04
3 2.800000 -1.4254347879e-04 3.2652047368e-04 3.0674813505e-04 -3.0073310078e-03 1.3150631289e-04 -5.8017473292e-04 -1.9553451293e-03 -9.0897043656e-05 -2.1483190219e-04 -3.1664930947e-03 6.3508869243e-04 3.1436984831e-04 5.6342831110e-04 -8.3832319534e-04 -4.0456896344e-03 1.3083728358e-04 -4.3302710333e-04 -1.9214482871e-04 -1.0915649412e-03 -1.3721508500e-04
3 2.850000 -1.6570554513e-04 1.6232370108e-04 3.5471023254e-04 -2.9389053478e-03 -6.8024377888e-05 -4.3872181350e-04 -9.6519426290e-04 3.9776223479e-04 -8.0128053072e-05 -1.6252392496e-03 6.9390952444e-04 -5.6246165233e-04 1.1997571978e-04 -8.9681033014e-04 -3.8513967545e-03 1.0280742369e-04 -4.6803897413e-04 4.7771740970e-05 -1.1137575817e-03 -3.4484273612e-04
3 2.900000 5.6522874339e-05 1.1498505079e-04 4.5834022509e-04 -3.0010297289e-03 -4.9710937044e-04 -1.6672783832e-04 -8.7779948746e-05 4.9478403845e-04 2.4461145680e-04 -2.9706264786e-04 8.4985298578e-04 -1.2522590788e-03 -4.4762836606e-04 -4.8668898532e-04 -2.6051122706e-03 2.7350686961e-04 -1.1169580296e-04 -3.0219523083e-04 -2.0927005967e-03 -2.7354824809e-04
3 2.950000 9.8129665056e-04 1.5647512872e-04 1.7017796666e-04 -2.0775900026e-03 -7.6642604270e-04 -4.3471922959e-04 -1.3975516949e-03 1.7734819846e-04 -2.0349823493e-04 -1.5310053340e-03 1.2780410857e-03 -7.8201422291e-04 -1.2592206822e-03 -1.7175483157e-03 -2.0863666385e-03 6.5379742513e-06 -4.6349612644e-04 -9.9712522155e-04 -1.7022463339e-03 1.4600314301e-03
3 3.000000 6.6454851346e-04 7.4774524210e-04 4.2163134692e-04 -4.8249368431e-04 2.5136574094e-04 -1.7114020016e-03 -2.7117000202e-03 1.5092705352e-04 -5.4105909349e-04 -3.5628570617e-03 8.3443579966e-05 2.3055992045e-04 1.6902381694e-03 6.2922717380e-04 -1.9713263869e-03 -7.0924559708e-04 -1.1628629324e-03 7.2209521771e-04 -6.8468853394e-05 -2.5455536451e-04
